Pb
Masa = 52,35g
T0 = 295K
Temperatura ciek³ego azotu = 77K

0,000	499,900
8,000	499,900
16,001	499,850
24,001	499,850
32,001	499,800
40,001	499,800
48,001	499,800
56,001	499,750
69,404	498,150
77,404	497,350
85,404	496,250
93,404	494,050
101,405	492,650
109,405	492,550
117,405	492,550
125,405	492,500
133,405	492,500
141,406	492,500
149,406	492,450
157,406	492,450
165,406	492,400
173,406	492,350
181,406	492,350
189,411	492,300
197,411	440,800

Obliczona ró¿nica masy (delta m) = NaN
Dopasowane równanie pocz¹tkowe: y = -0,002604x + 499,904168
Dopasowane równanie koñcowe: y = NaNx + NaN


