keV	cps	count
 0.000	   0.000	       0
 0.020	   0.000	       0
 0.040	   0.000	       0
 0.060	   0.000	       0
 0.080	   0.000	       0
 0.100	   0.000	       0
 0.120	   0.000	       0
 0.140	   0.000	       0
 0.160	   0.000	       0
 0.180	   0.000	       0
 0.200	   0.000	       0
 0.220	   0.000	       0
 0.240	   0.000	       0
 0.260	   0.000	       0
 0.280	   0.000	       0
 0.300	   0.000	       0
 0.320	   0.000	       0
 0.340	   0.000	       0
 0.360	   0.000	       0
 0.380	   0.000	       0
 0.400	   0.000	       0
 0.420	   0.000	       0
 0.440	   0.000	       0
 0.460	   0.000	       0
 0.480	   0.177	      22
 0.500	   0.056	       7
 0.520	   0.201	      25
 0.540	   0.136	      17
 0.560	   0.128	      16
 0.580	   0.056	       7
 0.600	   0.185	      23
 0.620	   0.128	      16
 0.640	   0.088	      11
 0.660	   0.152	      19
 0.680	   0.112	      14
 0.700	   0.152	      19
 0.720	   0.144	      18
 0.740	   0.136	      17
 0.760	   0.096	      12
 0.780	   0.088	      11
 0.800	   0.112	      14
 0.820	   0.152	      19
 0.840	   0.177	      22
 0.860	   0.169	      21
 0.880	   0.161	      20
 0.900	   0.209	      26
 0.920	   0.193	      24
 0.940	   0.209	      26
 0.960	   0.088	      11
 0.980	   0.233	      29
 1.000	   0.209	      26
 1.010	   0.128	      16
 1.030	   0.257	      32
 1.050	   0.289	      36
 1.070	   0.273	      34
 1.090	   0.297	      37
 1.110	   0.321	      40
 1.130	   0.225	      28
 1.150	   0.345	      43
 1.170	   0.297	      37
 1.190	   0.353	      44
 1.210	   0.345	      43
 1.230	   0.289	      36
 1.250	   0.313	      39
 1.270	   0.425	      53
 1.290	   0.457	      57
 1.310	   0.473	      59
 1.330	   0.409	      51
 1.350	   0.449	      56
 1.370	   0.417	      52
 1.390	   0.498	      62
 1.410	   0.498	      62
 1.430	   0.329	      41
 1.450	   0.514	      64
 1.470	   0.409	      51
 1.490	   0.570	      71
 1.510	   0.401	      50
 1.530	   0.506	      63
 1.550	   0.522	      65
 1.570	   0.538	      67
 1.590	   0.642	      80
 1.610	   0.490	      61
 1.630	   0.554	      69
 1.650	   0.538	      67
 1.670	   0.610	      76
 1.690	   0.441	      55
 1.710	   0.618	      77
 1.730	   0.674	      84
 1.750	   0.618	      77
 1.770	   0.618	      77
 1.790	   0.610	      76
 1.810	   0.714	      89
 1.830	   0.514	      64
 1.850	   0.506	      63
 1.870	   0.578	      72
 1.890	   0.473	      59
 1.910	   0.578	      72
 1.930	   0.666	      83
 1.950	   0.658	      82
 1.970	   0.538	      67
 1.990	   0.642	      80
 2.010	   0.554	      69
 2.030	   0.465	      58
 2.050	   0.690	      86
 2.070	   0.522	      65
 2.090	   0.570	      71
 2.110	   0.554	      69
 2.130	   0.610	      76
 2.150	   0.618	      77
 2.170	   0.578	      72
 2.190	   0.594	      74
 2.210	   0.465	      58
 2.230	   0.522	      65
 2.250	   0.602	      75
 2.270	   0.722	      90
 2.290	   0.786	      98
 2.310	   0.618	      77
 2.330	   0.578	      72
 2.350	   0.594	      74
 2.370	   0.626	      78
 2.390	   0.762	      95
 2.410	   0.786	      98
 2.430	   0.530	      66
 2.450	   0.698	      87
 2.470	   0.570	      71
 2.490	   0.634	      79
 2.510	   0.594	      74
 2.530	   0.498	      62
 2.550	   0.562	      70
 2.570	   0.570	      71
 2.590	   0.666	      83
 2.610	   0.634	      79
 2.630	   0.449	      56
 2.650	   0.578	      72
 2.670	   0.586	      73
 2.690	   0.666	      83
 2.710	   0.594	      74
 2.730	   0.514	      64
 2.750	   0.522	      65
 2.770	   0.634	      79
 2.790	   0.514	      64
 2.810	   0.634	      79
 2.830	   0.666	      83
 2.850	   0.578	      72
 2.870	   0.658	      82
 2.890	   0.642	      80
 2.910	   0.650	      81
 2.930	   0.682	      85
 2.950	   0.682	      85
 2.970	   0.738	      92
 2.990	   0.562	      70
 3.010	   0.650	      81
 3.031	   0.754	      94
 3.051	   0.698	      87
 3.071	   0.578	      72
 3.091	   0.610	      76
 3.111	   0.722	      90
 3.131	   0.706	      88
 3.151	   0.490	      61
 3.171	   0.562	      70
 3.191	   0.546	      68
 3.211	   0.674	      84
 3.231	   0.562	      70
 3.251	   0.498	      62
 3.271	   0.706	      88
 3.291	   0.650	      81
 3.311	   0.570	      71
 3.331	   0.538	      67
 3.351	   0.594	      74
 3.371	   0.618	      77
 3.391	   0.506	      63
 3.411	   0.634	      79
 3.431	   0.730	      91
 3.451	   0.618	      77
 3.471	   0.770	      96
 3.491	   0.979	     122
 3.511	   0.899	     112
 3.531	   0.706	      88
 3.551	   0.867	     108
 3.571	   1.164	     145
 3.591	   0.786	      98
 3.611	   0.987	     123
 3.631	   1.268	     158
 3.651	   1.260	     157
 3.671	   1.124	     140
 3.691	   1.196	     149
 3.711	   1.091	     136
 3.731	   1.091	     136
 3.751	   1.067	     133
 3.771	   0.899	     112
 3.791	   1.027	     128
 3.811	   0.867	     108
 3.831	   0.730	      91
 3.851	   0.770	      96
 3.871	   0.642	      80
 3.891	   0.642	      80
 3.911	   0.762	      95
 3.931	   0.610	      76
 3.951	   0.578	      72
 3.971	   0.642	      80
 3.991	   0.626	      78
 4.011	   0.570	      71
 4.031	   0.642	      80
 4.051	   0.666	      83
 4.071	   0.730	      91
 4.091	   0.827	     103
 4.111	   0.746	      93
 4.131	   0.730	      91
 4.151	   0.746	      93
 4.171	   0.674	      84
 4.191	   0.634	      79
 4.211	   0.843	     105
 4.231	   0.762	      95
 4.251	   0.891	     111
 4.271	   0.770	      96
 4.291	   0.714	      89
 4.311	   0.730	      91
 4.331	   0.706	      88
 4.351	   0.770	      96
 4.371	   0.786	      98
 4.391	   0.730	      91
 4.411	   0.891	     111
 4.431	   1.059	     132
 4.451	   1.067	     133
 4.471	   1.268	     158
 4.491	   1.348	     168
 4.511	   1.525	     190
 4.531	   1.918	     239
 4.551	   1.766	     220
 4.571	   1.782	     222
 4.591	   2.030	     253
 4.611	   2.295	     286
 4.631	   2.343	     292
 4.651	   2.038	     254
 4.671	   2.416	     301
 4.691	   2.247	     280
 4.711	   2.399	     299
 4.731	   1.854	     231
 4.751	   1.894	     236
 4.771	   1.709	     213
 4.791	   1.757	     219
 4.811	   1.525	     190
 4.831	   1.701	     212
 4.851	   1.533	     191
 4.871	   1.701	     212
 4.891	   1.340	     167
 4.911	   1.380	     172
 4.931	   1.477	     184
 4.951	   1.388	     173
 4.971	   1.549	     193
 4.991	   1.677	     209
 5.011	   1.685	     210
 5.031	   2.030	     253
 5.051	   2.456	     306
 5.071	   2.720	     339
 5.091	   3.916	     488
 5.111	   5.377	     670
 5.131	   7.704	     960
 5.151	  10.465	    1304
 5.171	  14.911	    1858
 5.191	  20.392	    2541
 5.211	  26.699	    3327
 5.231	  36.450	    4542
 5.251	  46.136	    5749
 5.271	  58.013	    7229
 5.291	  70.789	    8821
 5.311	  84.215	   10494
 5.331	  96.589	   12036
 5.351	 105.337	   13126
 5.372	 115.384	   14378
 5.392	 117.446	   14635
 5.412	 119.116	   14843
 5.432	 119.637	   14908
 5.452	 111.155	   13851
 5.472	 101.942	   12703
 5.492	  92.376	   11511
 5.512	  80.555	   10038
 5.532	  67.964	    8469
 5.552	  56.368	    7024
 5.572	  44.443	    5538
 5.592	  34.644	    4317
 5.612	  25.038	    3120
 5.632	  19.926	    2483
 5.652	  15.015	    1871
 5.672	  11.275	    1405
 5.692	   9.550	    1190
 5.712	   7.937	     989
 5.732	   8.137	    1014
 5.752	   8.779	    1094
 5.772	  10.304	    1284
 5.792	  12.655	    1577
 5.812	  13.594	    1694
 5.832	  15.344	    1912
 5.852	  17.880	    2228
 5.872	  19.356	    2412
 5.892	  21.973	    2738
 5.912	  22.815	    2843
 5.932	  22.695	    2828
 5.952	  23.241	    2896
 5.972	  22.799	    2841
 5.992	  22.815	    2843
 6.012	  20.721	    2582
 6.032	  20.360	    2537
 6.052	  20.817	    2594
 6.072	  21.250	    2648
 6.092	  23.794	    2965
 6.112	  30.270	    3772
 6.132	  38.071	    4744
 6.152	  50.301	    6268
 6.172	  69.625	    8676
 6.192	  93.419	   11641
 6.212	 122.422	   15255
 6.232	 156.023	   19442
 6.252	 198.275	   24707
 6.272	 240.863	   30014
 6.292	 287.328	   35804
 6.312	 329.990	   41120
 6.332	 367.876	   45841
 6.352	 403.194	   50242
 6.372	 426.675	   53168
 6.392	 438.183	   54602
 6.412	 429.933	   53574
 6.432	 413.980	   51586
 6.452	 391.983	   48845
 6.472	 355.838	   44341
 6.492	 312.463	   38936
 6.512	 269.802	   33620
 6.532	 224.019	   27915
 6.552	 179.063	   22313
 6.572	 143.167	   17840
 6.592	 108.844	   13563
 6.612	  79.552	    9913
 6.632	  57.564	    7173
 6.652	  41.530	    5175
 6.672	  28.746	    3582
 6.692	  19.413	    2419
 6.712	  14.405	    1795
 6.732	  10.400	    1296
 6.752	   9.758	    1216
 6.772	   9.285	    1157
 6.792	  10.681	    1331
 6.812	  12.960	    1615
 6.832	  14.999	    1869
 6.852	  19.910	    2481
 6.872	  24.709	    3079
 6.892	  30.487	    3799
 6.912	  37.653	    4692
 6.932	  44.940	    5600
 6.952	  51.160	    6375
 6.972	  58.543	    7295
 6.992	  64.144	    7993
 7.012	  69.256	    8630
 7.032	  72.643	    9052
 7.052	  73.036	    9101
 7.072	  71.784	    8945
 7.092	  69.978	    8720
 7.112	  65.107	    8113
 7.132	  58.639	    7307
 7.152	  50.927	    6346
 7.172	  43.423	    5411
 7.192	  35.880	    4471
 7.212	  29.388	    3662
 7.232	  23.497	    2928
 7.252	  16.508	    2057
 7.272	  13.129	    1636
 7.292	   9.758	    1216
 7.312	   6.789	     846
 7.332	   5.008	     624
 7.352	   3.603	     449
 7.372	   2.327	     290
 7.392	   1.766	     220
 7.412	   1.509	     188
 7.432	   1.212	     151
 7.452	   1.091	     136
 7.472	   0.891	     111
 7.492	   0.971	     121
 7.512	   1.051	     131
 7.532	   0.722	      90
 7.552	   0.827	     103
 7.572	   0.698	      87
 7.592	   0.634	      79
 7.612	   0.586	      73
 7.632	   0.457	      57
 7.652	   0.498	      62
 7.672	   0.417	      52
 7.692	   0.449	      56
 7.713	   0.329	      41
 7.733	   0.433	      54
 7.753	   0.233	      29
 7.773	   0.217	      27
 7.793	   0.305	      38
 7.813	   0.401	      50
 7.833	   0.393	      49
 7.853	   0.409	      51
 7.873	   0.634	      79
 7.893	   0.578	      72
 7.913	   0.730	      91
 7.933	   0.722	      90
 7.953	   0.851	     106
 7.973	   1.019	     127
 7.993	   1.075	     134
 8.013	   1.244	     155
 8.033	   1.172	     146
 8.053	   1.268	     158
 8.073	   1.244	     155
 8.093	   1.172	     146
 8.113	   0.987	     123
 8.133	   0.963	     120
 8.153	   0.827	     103
 8.173	   0.730	      91
 8.193	   0.666	      83
 8.213	   0.634	      79
 8.233	   0.482	      60
 8.253	   0.538	      67
 8.273	   0.457	      57
 8.293	   0.361	      45
 8.313	   0.345	      43
 8.333	   0.369	      46
 8.353	   0.305	      38
 8.373	   0.217	      27
 8.393	   0.144	      18
 8.413	   0.185	      23
 8.433	   0.144	      18
 8.453	   0.217	      27
 8.473	   0.169	      21
 8.493	   0.056	       7
 8.513	   0.096	      12
 8.533	   0.136	      17
 8.553	   0.112	      14
 8.573	   0.144	      18
 8.593	   0.152	      19
 8.613	   0.120	      15
 8.633	   0.185	      23
 8.653	   0.120	      15
 8.673	   0.185	      23
 8.693	   0.169	      21
 8.713	   0.177	      22
 8.733	   0.241	      30
 8.753	   0.273	      34
 8.773	   0.233	      29
 8.793	   0.185	      23
 8.813	   0.265	      33
 8.833	   0.265	      33
 8.853	   0.241	      30
 8.873	   0.289	      36
 8.893	   0.305	      38
 8.913	   0.329	      41
 8.933	   0.313	      39
 8.953	   0.209	      26
 8.973	   0.201	      25
 8.993	   0.257	      32
 9.013	   0.193	      24
 9.033	   0.193	      24
 9.053	   0.185	      23
 9.073	   0.209	      26
 9.093	   0.201	      25
 9.113	   0.136	      17
 9.133	   0.136	      17
 9.153	   0.136	      17
 9.173	   0.120	      15
 9.193	   0.152	      19
 9.213	   0.152	      19
 9.233	   0.080	      10
 9.253	   0.152	      19
 9.273	   0.144	      18
 9.293	   0.104	      13
 9.313	   0.136	      17
 9.333	   0.088	      11
 9.353	   0.088	      11
 9.373	   0.072	       9
 9.393	   0.088	      11
 9.413	   0.080	      10
 9.433	   0.096	      12
 9.453	   0.128	      16
 9.473	   0.080	      10
 9.493	   0.080	      10
 9.513	   0.056	       7
 9.533	   0.072	       9
 9.553	   0.064	       8
 9.573	   0.072	       9
 9.593	   0.064	       8
 9.613	   0.056	       7
 9.633	   0.064	       8
 9.653	   0.072	       9
 9.673	   0.088	      11
 9.693	   0.080	      10
 9.713	   0.088	      11
 9.733	   0.040	       5
 9.753	   0.032	       4
 9.773	   0.056	       7
 9.793	   0.088	      11
 9.813	   0.080	      10
 9.833	   0.040	       5
 9.853	   0.056	       7
 9.873	   0.056	       7
 9.893	   0.104	      13
 9.913	   0.112	      14
 9.933	   0.096	      12
 9.953	   0.056	       7
 9.973	   0.088	      11
 9.993	   0.104	      13
10.013	   0.080	      10
10.033	   0.144	      18
10.054	   0.136	      17
10.074	   0.088	      11
10.094	   0.064	       8
10.114	   0.096	      12
10.134	   0.040	       5
10.154	   0.048	       6
10.174	   0.056	       7
10.194	   0.096	      12
10.214	   0.072	       9
10.234	   0.064	       8
10.254	   0.048	       6
10.274	   0.096	      12
10.294	   0.056	       7
10.314	   0.096	      12
10.334	   0.080	      10
10.354	   0.128	      16
10.374	   0.120	      15
10.394	   0.064	       8
10.414	   0.136	      17
10.434	   0.128	      16
10.454	   0.104	      13
10.474	   0.161	      20
10.494	   0.104	      13
10.514	   0.136	      17
10.534	   0.152	      19
10.554	   0.161	      20
10.574	   0.161	      20
10.594	   0.217	      27
10.614	   0.096	      12
10.634	   0.152	      19
10.654	   0.177	      22
10.674	   0.169	      21
10.694	   0.136	      17
10.714	   0.201	      25
10.734	   0.201	      25
10.754	   0.257	      32
10.774	   0.128	      16
10.794	   0.193	      24
10.814	   0.209	      26
10.834	   0.169	      21
10.854	   0.169	      21
10.874	   0.177	      22
10.894	   0.321	      40
10.914	   0.120	      15
10.934	   0.193	      24
10.954	   0.209	      26
10.974	   0.161	      20
10.994	   0.080	      10
11.014	   0.104	      13
11.034	   0.128	      16
11.054	   0.104	      13
11.074	   0.072	       9
11.094	   0.120	      15
11.114	   0.096	      12
11.134	   0.088	      11
11.154	   0.088	      11
11.174	   0.096	      12
11.194	   0.096	      12
11.214	   0.032	       4
11.234	   0.096	      12
11.254	   0.040	       5
11.274	   0.112	      14
11.294	   0.120	      15
11.314	   0.112	      14
11.334	   0.072	       9
11.354	   0.120	      15
11.374	   0.177	      22
11.394	   0.088	      11
11.414	   0.104	      13
11.434	   0.104	      13
11.454	   0.088	      11
11.474	   0.120	      15
11.494	   0.096	      12
11.514	   0.128	      16
11.534	   0.120	      15
11.554	   0.152	      19
11.574	   0.209	      26
11.594	   0.289	      36
11.614	   0.305	      38
11.634	   0.401	      50
11.654	   0.425	      53
11.674	   0.457	      57
11.694	   0.570	      71
11.714	   0.770	      96
11.734	   0.811	     101
11.754	   0.754	      94
11.774	   1.003	     125
11.794	   0.987	     123
11.814	   0.899	     112
11.834	   0.955	     119
11.854	   0.971	     121
11.874	   0.827	     103
11.894	   0.883	     110
11.914	   0.762	      95
11.934	   0.666	      83
11.954	   0.714	      89
11.974	   0.538	      67
11.994	   0.417	      52
12.014	   0.313	      39
12.034	   0.361	      45
12.054	   0.313	      39
12.074	   0.177	      22
12.094	   0.225	      28
12.114	   0.193	      24
12.134	   0.120	      15
12.154	   0.128	      16
12.174	   0.120	      15
12.194	   0.112	      14
12.214	   0.185	      23
12.234	   0.136	      17
12.254	   0.257	      32
12.274	   0.209	      26
12.294	   0.209	      26
12.314	   0.329	      41
12.334	   0.273	      34
12.354	   0.321	      40
12.374	   0.369	      46
12.395	   0.273	      34
12.415	   0.297	      37
12.435	   0.305	      38
12.455	   0.305	      38
12.475	   0.249	      31
12.495	   0.329	      41
12.515	   0.482	      60
12.535	   0.457	      57
12.555	   0.441	      55
12.575	   0.498	      62
12.595	   0.554	      69
12.615	   0.746	      93
12.635	   0.875	     109
12.655	   0.987	     123
12.675	   0.827	     103
12.695	   1.260	     157
12.715	   1.340	     167
12.735	   1.356	     169
12.755	   1.629	     203
12.775	   1.806	     225
12.795	   1.685	     210
12.815	   1.782	     222
12.835	   1.854	     231
12.855	   1.501	     187
12.875	   1.461	     182
12.895	   1.589	     198
12.915	   1.300	     162
12.935	   1.019	     127
12.955	   1.043	     130
12.975	   0.939	     117
12.995	   0.738	      92
13.015	   0.586	      73
13.035	   0.465	      58
13.055	   0.369	      46
13.075	   0.225	      28
13.095	   0.217	      27
13.115	   0.217	      27
13.135	   0.185	      23
13.155	   0.177	      22
13.175	   0.120	      15
13.195	   0.185	      23
13.215	   0.169	      21
13.235	   0.169	      21
13.255	   0.281	      35
13.275	   0.257	      32
13.295	   0.281	      35
13.315	   0.393	      49
13.335	   0.337	      42
13.355	   0.417	      52
13.375	   0.546	      68
13.395	   0.401	      50
13.415	   0.522	      65
13.435	   0.714	      89
13.455	   0.650	      81
13.475	   0.778	      97
13.495	   0.602	      75
13.515	   0.401	      50
13.535	   0.610	      76
13.555	   0.457	      57
13.575	   0.409	      51
13.595	   0.385	      48
13.615	   0.401	      50
13.635	   0.225	      28
13.655	   0.193	      24
13.675	   0.193	      24
13.695	   0.112	      14
13.715	   0.161	      20
13.735	   0.120	      15
13.755	   0.064	       8
13.775	   0.072	       9
13.795	   0.080	      10
13.815	   0.096	      12
13.835	   0.072	       9
13.855	   0.056	       7
13.875	   0.064	       8
13.895	   0.072	       9
13.915	   0.088	      11
13.935	   0.056	       7
13.955	   0.080	      10
13.975	   0.048	       6
13.995	   0.120	      15
14.015	   0.104	      13
14.035	   0.072	       9
14.055	   0.064	       8
14.075	   0.128	      16
14.095	   0.120	      15
14.115	   0.072	       9
14.135	   0.112	      14
14.155	   0.072	       9
14.175	   0.080	      10
14.195	   0.104	      13
14.215	   0.120	      15
14.235	   0.080	      10
14.255	   0.024	       3
14.275	   0.056	       7
14.295	   0.080	      10
14.315	   0.064	       8
14.335	   0.040	       5
14.355	   0.040	       5
14.375	   0.080	      10
14.395	   0.032	       4
14.415	   0.056	       7
14.435	   0.056	       7
14.455	   0.040	       5
14.475	   0.072	       9
14.495	   0.048	       6
14.515	   0.056	       7
14.535	   0.064	       8
14.555	   0.072	       9
14.575	   0.064	       8
14.595	   0.104	      13
14.615	   0.064	       8
14.635	   0.072	       9
14.655	   0.064	       8
14.675	   0.048	       6
14.695	   0.056	       7
14.715	   0.032	       4
14.736	   0.056	       7
14.756	   0.008	       1
14.776	   0.040	       5
14.796	   0.064	       8
14.816	   0.072	       9
14.836	   0.072	       9
14.856	   0.072	       9
14.876	   0.056	       7
14.896	   0.032	       4
14.916	   0.064	       8
14.936	   0.064	       8
14.956	   0.040	       5
14.976	   0.048	       6
14.996	   0.072	       9
15.016	   0.048	       6
15.036	   0.048	       6
15.056	   0.048	       6
15.076	   0.040	       5
15.096	   0.032	       4
15.116	   0.048	       6
15.136	   0.072	       9
15.156	   0.080	      10
15.176	   0.072	       9
15.196	   0.064	       8
15.216	   0.088	      11
15.236	   0.064	       8
15.256	   0.048	       6
15.276	   0.096	      12
15.296	   0.096	      12
15.316	   0.040	       5
15.336	   0.064	       8
15.356	   0.032	       4
15.376	   0.040	       5
15.396	   0.128	      16
15.416	   0.040	       5
15.436	   0.048	       6
15.456	   0.048	       6
15.476	   0.088	      11
15.496	   0.024	       3
15.516	   0.056	       7
15.536	   0.120	      15
15.556	   0.112	      14
15.576	   0.080	      10
15.596	   0.056	       7
15.616	   0.096	      12
15.636	   0.080	      10
15.656	   0.056	       7
15.676	   0.072	       9
15.696	   0.096	      12
15.716	   0.088	      11
15.736	   0.024	       3
15.756	   0.032	       4
15.776	   0.088	      11
15.796	   0.096	      12
15.816	   0.104	      13
15.836	   0.096	      12
15.856	   0.072	       9
15.876	   0.128	      16
15.896	   0.088	      11
15.916	   0.120	      15
15.936	   0.080	      10
15.956	   0.096	      12
15.976	   0.048	       6
15.996	   0.072	       9
16.016	   0.080	      10
16.036	   0.088	      11
16.056	   0.072	       9
16.076	   0.112	      14
16.096	   0.104	      13
16.116	   0.144	      18
16.136	   0.128	      16
16.156	   0.080	      10
16.176	   0.144	      18
16.196	   0.120	      15
16.216	   0.056	       7
16.236	   0.112	      14
16.256	   0.112	      14
16.276	   0.104	      13
16.296	   0.104	      13
16.316	   0.136	      17
16.336	   0.104	      13
16.356	   0.152	      19
16.376	   0.136	      17
16.396	   0.144	      18
16.416	   0.104	      13
16.436	   0.185	      23
16.456	   0.136	      17
16.476	   0.096	      12
16.496	   0.177	      22
16.516	   0.185	      23
16.536	   0.217	      27
16.556	   0.136	      17
16.576	   0.112	      14
16.596	   0.169	      21
16.616	   0.136	      17
16.636	   0.177	      22
16.656	   0.112	      14
16.676	   0.112	      14
16.696	   0.185	      23
16.716	   0.209	      26
16.736	   0.161	      20
16.756	   0.161	      20
16.776	   0.249	      31
16.796	   0.233	      29
16.816	   0.217	      27
16.836	   0.096	      12
16.856	   0.169	      21
16.876	   0.128	      16
16.896	   0.169	      21
16.916	   0.281	      35
16.936	   0.169	      21
16.956	   0.144	      18
16.976	   0.209	      26
16.996	   0.209	      26
17.016	   0.193	      24
17.036	   0.329	      41
17.056	   0.393	      49
17.077	   0.401	      50
17.097	   0.409	      51
17.117	   0.594	      74
17.137	   0.698	      87
17.157	   1.027	     128
17.177	   1.067	     133
17.197	   1.340	     167
17.217	   1.749	     218
17.237	   2.319	     289
17.257	   2.881	     359
17.277	   3.226	     402
17.297	   3.708	     462
17.317	   3.980	     496
17.337	   4.719	     588
17.357	   5.152	     642
17.377	   5.521	     688
17.397	   5.529	     689
17.417	   6.300	     785
17.437	   5.963	     743
17.457	   6.019	     750
17.477	   6.235	     777
17.497	   6.308	     786
17.517	   5.505	     686
17.537	   5.248	     654
17.557	   5.048	     629
17.577	   4.614	     575
17.597	   3.852	     480
17.617	   3.443	     429
17.637	   3.001	     374
17.657	   2.720	     339
17.677	   2.151	     268
17.697	   1.605	     200
17.717	   1.212	     151
17.737	   1.067	     133
17.757	   0.995	     124
17.777	   0.666	      83
17.797	   0.586	      73
17.817	   0.594	      74
17.837	   0.546	      68
17.857	   0.433	      54
17.877	   0.401	      50
17.897	   0.337	      42
17.917	   0.385	      48
17.937	   0.433	      54
17.957	   0.401	      50
17.977	   0.337	      42
17.997	   0.345	      43
18.017	   0.417	      52
18.037	   0.321	      40
18.057	   0.353	      44
18.077	   0.377	      47
18.097	   0.353	      44
18.117	   0.321	      40
18.137	   0.433	      54
18.157	   0.361	      45
18.177	   0.345	      43
18.197	   0.425	      53
18.217	   0.490	      61
18.237	   0.377	      47
18.257	   0.482	      60
18.277	   0.441	      55
18.297	   0.473	      59
18.317	   0.530	      66
18.337	   0.441	      55
18.357	   0.626	      78
18.377	   0.610	      76
18.397	   0.578	      72
18.417	   0.498	      62
18.437	   0.626	      78
18.457	   0.586	      73
18.477	   0.506	      63
18.497	   0.634	      79
18.517	   0.722	      90
18.537	   0.746	      93
18.557	   0.794	      99
18.577	   0.738	      92
18.597	   0.794	      99
18.617	   0.803	     100
18.637	   0.794	      99
18.657	   0.947	     118
18.677	   0.843	     105
18.697	   0.979	     122
18.717	   0.915	     114
18.737	   0.987	     123
18.757	   0.987	     123
18.777	   0.923	     115
18.797	   1.059	     132
18.817	   1.124	     140
18.837	   1.011	     126
18.857	   1.091	     136
18.877	   1.276	     159
18.897	   1.172	     146
18.917	   1.156	     144
18.937	   1.188	     148
18.957	   1.244	     155
18.977	   1.132	     141
18.997	   1.252	     156
19.017	   1.332	     166
19.037	   1.260	     157
19.057	   1.244	     155
19.077	   1.148	     143
19.097	   1.244	     155
19.117	   1.180	     147
19.137	   1.220	     152
19.157	   1.204	     150
19.177	   1.132	     141
19.197	   0.939	     117
19.217	   1.164	     145
19.237	   1.115	     139
19.257	   1.220	     152
19.277	   1.180	     147
19.297	   0.971	     121
19.317	   1.019	     127
19.337	   1.204	     150
19.357	   1.268	     158
19.377	   1.148	     143
19.397	   1.099	     137
19.418	   1.075	     134
19.438	   1.132	     141
19.458	   1.244	     155
19.478	   1.404	     175
19.498	   1.412	     176
19.518	   1.404	     175
19.538	   1.356	     169
19.558	   1.509	     188
19.578	   1.581	     197
19.598	   1.565	     195
19.618	   1.517	     189
19.638	   1.324	     165
19.658	   1.252	     156
19.678	   1.573	     196
19.698	   1.340	     167
19.718	   1.477	     184
19.738	   1.372	     171
19.758	   1.156	     144
19.778	   1.059	     132
19.798	   1.260	     157
19.818	   1.115	     139
19.838	   1.220	     152
19.858	   1.340	     167
19.878	   1.316	     164
19.898	   1.356	     169
19.918	   1.533	     191
19.938	   1.693	     211
19.958	   1.958	     244
19.978	   2.183	     272
19.998	   2.279	     284
20.018	   2.528	     315
20.038	   2.857	     356
20.058	   3.025	     377
20.078	   3.667	     457
20.098	   3.491	     435
20.118	   3.499	     436
20.138	   3.924	     489
20.158	   3.764	     469
20.178	   3.924	     489
20.198	   3.900	     486
20.218	   3.595	     448
20.238	   3.555	     443
20.258	   3.435	     428
20.278	   3.306	     412
20.298	   2.897	     361
20.318	   2.905	     362
20.338	   2.656	     331
20.358	   2.087	     260
20.378	   2.135	     266
20.398	   1.541	     192
20.418	   1.581	     197
20.438	   1.356	     169
20.458	   1.140	     142
20.478	   1.148	     143
20.498	   0.931	     116
20.518	   0.939	     117
20.538	   0.899	     112
20.558	   0.674	      84
20.578	   0.794	      99
20.598	   0.562	      70
20.618	   0.650	      81
20.638	   0.602	      75
20.658	   0.738	      92
20.678	   0.682	      85
20.698	   0.642	      80
20.718	   0.682	      85
20.738	   0.498	      62
20.758	   0.722	      90
20.778	   0.770	      96
20.798	   0.770	      96
20.818	   0.698	      87
20.838	   0.650	      81
20.858	   0.682	      85
20.878	   0.666	      83
20.898	   0.698	      87
20.918	   0.875	     109
20.938	   0.915	     114
20.958	   0.875	     109
20.978	   0.859	     107
20.998	   0.835	     104
21.018	   0.706	      88
21.038	   0.778	      97
21.058	   0.819	     102
21.078	   0.827	     103
21.098	   0.803	     100
21.118	   0.835	     104
21.138	   0.899	     112
21.158	   0.794	      99
21.178	   0.803	     100
21.198	   0.987	     123
21.218	   0.746	      93
21.238	   0.867	     108
21.258	   0.746	      93
21.278	   0.971	     121
21.298	   0.907	     113
21.318	   0.907	     113
21.338	   0.923	     115
21.358	   0.827	     103
21.378	   1.124	     140
21.398	   1.019	     127
21.418	   0.875	     109
21.438	   1.019	     127
21.458	   1.003	     125
21.478	   0.867	     108
21.498	   0.770	      96
21.518	   0.754	      94
21.538	   0.794	      99
21.558	   0.923	     115
21.578	   0.819	     102
21.598	   0.971	     121
21.618	   0.778	      97
21.638	   0.746	      93
21.658	   0.915	     114
21.678	   0.706	      88
21.698	   0.891	     111
21.718	   0.690	      86
21.738	   0.730	      91
21.759	   0.811	     101
21.779	   0.674	      84
21.799	   0.642	      80
21.819	   0.714	      89
21.839	   0.706	      88
21.859	   0.698	      87
21.879	   0.674	      84
21.899	   0.674	      84
21.919	   0.698	      87
21.939	   0.626	      78
21.959	   0.634	      79
21.979	   0.674	      84
21.999	   0.690	      86
22.019	   0.722	      90
22.039	   0.626	      78
22.059	   0.602	      75
22.079	   0.714	      89
22.099	   0.626	      78
22.119	   0.634	      79
22.139	   0.682	      85
22.159	   0.546	      68
22.179	   0.586	      73
22.199	   0.586	      73
22.219	   0.738	      92
22.239	   0.498	      62
22.259	   0.522	      65
22.279	   0.570	      71
22.299	   0.658	      82
22.319	   0.698	      87
22.339	   0.570	      71
22.359	   0.602	      75
22.379	   0.666	      83
22.399	   0.722	      90
22.419	   0.706	      88
22.439	   0.867	     108
22.459	   0.778	      97
22.479	   1.003	     125
22.499	   0.811	     101
22.519	   1.067	     133
22.539	   1.027	     128
22.559	   1.196	     149
22.579	   1.244	     155
22.599	   1.485	     185
22.619	   1.485	     185
22.639	   1.685	     210
22.659	   1.798	     224
22.679	   1.637	     204
22.699	   1.838	     229
22.719	   1.790	     223
22.739	   1.966	     245
22.759	   1.790	     223
22.779	   1.942	     242
22.799	   1.669	     208
22.819	   1.461	     182
22.839	   1.420	     177
22.859	   1.525	     190
22.879	   1.412	     176
22.899	   1.268	     158
22.919	   1.260	     157
22.939	   0.939	     117
22.959	   1.091	     136
22.979	   0.859	     107
22.999	   0.827	     103
23.019	   1.035	     129
23.039	   0.875	     109
23.059	   0.931	     116
23.079	   0.883	     110
23.099	   0.827	     103
23.119	   0.803	     100
23.139	   0.658	      82
23.159	   0.762	      95
23.179	   0.851	     106
23.199	   0.819	     102
23.219	   0.706	      88
23.239	   0.754	      94
23.259	   0.642	      80
23.279	   0.746	      93
23.299	   0.698	      87
23.319	   0.738	      92
23.339	   0.762	      95
23.359	   0.778	      97
23.379	   0.762	      95
23.399	   0.730	      91
23.419	   0.570	      71
23.439	   0.562	      70
23.459	   0.682	      85
23.479	   0.626	      78
23.499	   0.586	      73
23.519	   0.578	      72
23.539	   0.650	      81
23.559	   0.586	      73
23.579	   0.490	      61
23.599	   0.522	      65
23.619	   0.634	      79
23.639	   0.674	      84
23.659	   0.618	      77
23.679	   0.658	      82
23.699	   0.610	      76
23.719	   0.674	      84
23.739	   0.714	      89
23.759	   0.626	      78
23.779	   0.538	      67
23.799	   0.666	      83
23.819	   0.746	      93
23.839	   0.770	      96
23.859	   0.875	     109
23.879	   0.867	     108
23.899	   0.578	      72
23.919	   0.722	      90
23.939	   0.738	      92
23.959	   0.762	      95
23.979	   0.738	      92
23.999	   0.706	      88
24.019	   0.674	      84
24.039	   0.610	      76
24.059	   0.602	      75
24.079	   0.562	      70
24.100	   0.690	      86
24.120	   0.658	      82
24.140	   0.634	      79
24.160	   0.650	      81
24.180	   0.706	      88
24.200	   0.714	      89
24.220	   0.682	      85
24.240	   0.618	      77
24.260	   0.530	      66
24.280	   0.602	      75
24.300	   0.674	      84
24.320	   0.546	      68
24.340	   0.698	      87
24.360	   0.594	      74
24.380	   0.578	      72
24.400	   0.618	      77
24.420	   0.738	      92
24.440	   0.586	      73
24.460	   0.626	      78
24.480	   0.690	      86
24.500	   0.666	      83
24.520	   0.642	      80
24.540	   0.618	      77
24.560	   0.666	      83
24.580	   0.682	      85
24.600	   0.546	      68
24.620	   0.722	      90
24.640	   0.786	      98
24.660	   0.482	      60
24.680	   0.730	      91
24.700	   0.594	      74
24.720	   0.634	      79
24.740	   0.754	      94
24.760	   0.674	      84
24.780	   0.674	      84
24.800	   0.730	      91
24.820	   0.674	      84
24.840	   0.618	      77
24.860	   0.819	     102
24.880	   0.666	      83
24.900	   0.778	      97
24.920	   0.594	      74
24.940	   0.674	      84
24.960	   0.915	     114
24.980	   0.859	     107
25.000	   0.770	      96
25.020	   0.754	      94
25.040	   0.786	      98
25.060	   0.754	      94
25.080	   0.778	      97
25.100	   0.770	      96
25.120	   0.899	     112
25.140	   0.786	      98
25.160	   0.682	      85
25.180	   0.899	     112
25.200	   0.827	     103
25.220	   0.915	     114
25.240	   0.835	     104
25.260	   0.867	     108
25.280	   0.891	     111
25.300	   0.778	      97
25.320	   0.891	     111
25.340	   0.794	      99
25.360	   0.867	     108
25.380	   0.690	      86
25.400	   0.730	      91
25.420	   0.794	      99
25.440	   0.690	      86
25.460	   0.843	     105
25.480	   0.875	     109
25.500	   0.682	      85
25.520	   0.658	      82
25.540	   0.730	      91
25.560	   0.674	      84
25.580	   0.722	      90
25.600	   0.674	      84
25.620	   0.674	      84
25.640	   0.690	      86
25.660	   0.827	     103
25.680	   0.698	      87
25.700	   0.770	      96
25.720	   0.794	      99
25.740	   0.883	     110
25.760	   0.714	      89
25.780	   0.674	      84
25.800	   0.827	     103
25.820	   0.770	      96
25.840	   0.803	     100
25.860	   0.642	      80
25.880	   0.867	     108
25.900	   0.851	     106
25.920	   0.867	     108
25.940	   0.666	      83
25.960	   0.778	      97
25.980	   0.819	     102
26.000	   0.762	      95
26.020	   0.794	      99
26.040	   0.626	      78
26.060	   0.803	     100
26.080	   0.738	      92
26.100	   0.522	      65
26.120	   0.843	     105
26.140	   0.835	     104
26.160	   0.843	     105
26.180	   0.851	     106
26.200	   0.778	      97
26.220	   0.827	     103
26.240	   0.754	      94
26.260	   0.754	      94
26.280	   0.746	      93
26.300	   0.714	      89
26.320	   0.931	     116
26.340	   0.939	     117
26.360	   0.770	      96
26.380	   0.851	     106
26.400	   0.754	      94
26.420	   0.754	      94
26.441	   0.995	     124
26.461	   0.770	      96
26.481	   0.690	      86
26.501	   0.730	      91
26.521	   0.618	      77
26.541	   0.778	      97
26.561	   0.794	      99
26.581	   0.714	      89
26.601	   0.626	      78
26.621	   0.859	     107
26.641	   0.875	     109
26.661	   0.674	      84
26.681	   0.706	      88
26.701	   0.762	      95
26.721	   0.722	      90
26.741	   0.650	      81
26.761	   0.610	      76
26.781	   0.738	      92
26.801	   0.674	      84
26.821	   0.642	      80
26.841	   0.778	      97
26.861	   0.867	     108
26.881	   0.819	     102
26.901	   0.738	      92
26.921	   0.867	     108
26.941	   0.722	      90
26.961	   0.722	      90
26.981	   0.682	      85
27.001	   0.674	      84
27.021	   0.634	      79
27.041	   0.722	      90
27.061	   0.867	     108
27.081	   0.738	      92
27.101	   0.722	      90
27.121	   0.586	      73
27.141	   0.722	      90
27.161	   0.803	     100
27.181	   0.770	      96
27.201	   0.666	      83
27.221	   0.690	      86
27.241	   0.835	     104
27.261	   0.658	      82
27.281	   0.722	      90
27.301	   0.698	      87
27.321	   0.602	      75
27.341	   0.794	      99
27.361	   0.570	      71
27.381	   0.650	      81
27.401	   0.803	     100
27.421	   0.746	      93
27.441	   0.891	     111
27.461	   0.883	     110
27.481	   0.827	     103
27.501	   0.706	      88
27.521	   0.690	      86
27.541	   0.883	     110
27.561	   0.923	     115
27.581	   0.851	     106
27.601	   0.859	     107
27.621	   0.738	      92
27.641	   0.835	     104
27.661	   0.706	      88
27.681	   0.618	      77
27.701	   0.754	      94
27.721	   0.602	      75
27.741	   0.762	      95
27.761	   0.762	      95
27.781	   0.634	      79
27.801	   0.746	      93
27.821	   0.811	     101
27.841	   0.706	      88
27.861	   0.722	      90
27.881	   0.642	      80
27.901	   0.754	      94
27.921	   0.610	      76
27.941	   0.794	      99
27.961	   0.618	      77
27.981	   0.642	      80
28.001	   0.827	     103
28.021	   0.730	      91
28.041	   0.610	      76
28.061	   0.746	      93
28.081	   0.835	     104
28.101	   0.931	     116
28.121	   0.786	      98
28.141	   0.690	      86
28.161	   0.794	      99
28.181	   0.762	      95
28.201	   0.851	     106
28.221	   0.851	     106
28.241	   0.578	      72
28.261	   0.674	      84
28.281	   0.786	      98
28.301	   0.738	      92
28.321	   0.642	      80
28.341	   0.867	     108
28.361	   0.746	      93
28.381	   0.851	     106
28.401	   0.851	     106
28.421	   0.786	      98
28.441	   0.738	      92
28.461	   0.819	     102
28.481	   0.730	      91
28.501	   0.803	     100
28.521	   0.851	     106
28.541	   0.746	      93
28.561	   0.674	      84
28.581	   0.706	      88
28.601	   0.674	      84
28.621	   0.794	      99
28.641	   0.835	     104
28.661	   0.762	      95
28.681	   0.770	      96
28.701	   0.770	      96
28.721	   0.843	     105
28.741	   0.770	      96
28.761	   0.698	      87
28.782	   0.666	      83
28.802	   0.666	      83
28.822	   0.730	      91
28.842	   0.714	      89
28.862	   0.690	      86
28.882	   0.843	     105
28.902	   0.570	      71
28.922	   0.666	      83
28.942	   0.730	      91
28.962	   0.762	      95
28.982	   0.706	      88
29.002	   0.738	      92
29.022	   0.682	      85
29.042	   0.746	      93
29.062	   0.698	      87
29.082	   0.722	      90
29.102	   0.786	      98
29.122	   0.754	      94
29.142	   0.722	      90
29.162	   0.811	     101
29.182	   0.746	      93
29.202	   0.786	      98
29.222	   0.738	      92
29.242	   0.827	     103
29.262	   0.738	      92
29.282	   0.778	      97
29.302	   0.634	      79
29.322	   0.746	      93
29.342	   0.602	      75
29.362	   0.714	      89
29.382	   0.722	      90
29.402	   0.714	      89
29.422	   0.762	      95
29.442	   0.746	      93
29.462	   0.706	      88
29.482	   0.690	      86
29.502	   0.786	      98
29.522	   0.634	      79
29.542	   0.714	      89
29.562	   0.610	      76
29.582	   0.786	      98
29.602	   0.811	     101
29.622	   0.610	      76
29.642	   0.682	      85
29.662	   0.754	      94
29.682	   0.658	      82
29.702	   0.698	      87
29.722	   0.682	      85
29.742	   0.634	      79
29.762	   0.698	      87
29.782	   0.746	      93
29.802	   0.674	      84
29.822	   0.650	      81
29.842	   0.738	      92
29.862	   0.522	      65
29.882	   0.666	      83
29.902	   0.666	      83
29.922	   0.738	      92
29.942	   0.498	      62
29.962	   0.586	      73
29.982	   0.658	      82
30.002	   0.706	      88
30.022	   0.754	      94
30.042	   0.666	      83
30.062	   0.666	      83
30.082	   0.626	      78
30.102	   0.642	      80
30.122	   0.570	      71
30.142	   0.658	      82
30.162	   0.634	      79
30.182	   0.754	      94
30.202	   0.682	      85
30.222	   0.674	      84
30.242	   0.610	      76
30.262	   0.698	      87
30.282	   0.770	      96
30.302	   0.578	      72
30.322	   0.650	      81
30.342	   0.666	      83
30.362	   0.746	      93
30.382	   0.778	      97
30.402	   0.690	      86
30.422	   0.570	      71
30.442	   0.762	      95
30.462	   0.778	      97
30.482	   0.578	      72
30.502	   0.682	      85
30.522	   0.666	      83
30.542	   0.634	      79
30.562	   0.738	      92
30.582	   0.819	     102
30.602	   0.682	      85
30.622	   0.714	      89
30.642	   0.570	      71
30.662	   0.658	      82
30.682	   0.642	      80
30.702	   0.642	      80
30.722	   0.706	      88
30.742	   0.722	      90
30.762	   0.730	      91
30.782	   0.674	      84
30.802	   0.746	      93
30.822	   0.714	      89
30.842	   0.618	      77
30.862	   0.602	      75
30.882	   0.626	      78
30.902	   0.658	      82
30.922	   0.642	      80
30.942	   0.722	      90
30.962	   0.666	      83
30.982	   0.618	      77
31.002	   0.714	      89
31.022	   0.586	      73
31.042	   0.794	      99
31.062	   0.594	      74
31.082	   0.722	      90
31.102	   0.666	      83
31.123	   0.634	      79
31.143	   0.522	      65
31.163	   0.610	      76
31.183	   0.666	      83
31.203	   0.658	      82
31.223	   0.730	      91
31.243	   0.570	      71
31.263	   0.602	      75
31.283	   0.578	      72
31.303	   0.634	      79
31.323	   0.674	      84
31.343	   0.578	      72
31.363	   0.562	      70
31.383	   0.570	      71
31.403	   0.602	      75
31.423	   0.666	      83
31.443	   0.626	      78
31.463	   0.602	      75
31.483	   0.578	      72
31.503	   0.698	      87
31.523	   0.554	      69
31.543	   0.658	      82
31.563	   0.626	      78
31.583	   0.642	      80
31.603	   0.722	      90
31.623	   0.698	      87
31.643	   0.626	      78
31.663	   0.578	      72
31.683	   0.530	      66
31.703	   0.626	      78
31.723	   0.634	      79
31.743	   0.714	      89
31.763	   0.610	      76
31.783	   0.570	      71
31.803	   0.490	      61
31.823	   0.562	      70
31.843	   0.554	      69
31.863	   0.618	      77
31.883	   0.594	      74
31.903	   0.714	      89
31.923	   0.626	      78
31.943	   0.658	      82
31.963	   0.626	      78
31.983	   0.634	      79
32.003	   0.602	      75
32.023	   0.634	      79
32.043	   0.602	      75
32.063	   0.650	      81
32.083	   0.666	      83
32.103	   0.602	      75
32.123	   0.538	      67
32.143	   0.690	      86
32.163	   0.602	      75
32.183	   0.626	      78
32.203	   0.498	      62
32.223	   0.634	      79
32.243	   0.546	      68
32.263	   0.610	      76
32.283	   0.626	      78
32.303	   0.658	      82
32.323	   0.722	      90
32.343	   0.530	      66
32.363	   0.546	      68
32.383	   0.530	      66
32.403	   0.554	      69
32.423	   0.562	      70
32.443	   0.618	      77
32.463	   0.746	      93
32.483	   0.730	      91
32.503	   0.626	      78
32.523	   0.538	      67
32.543	   0.610	      76
32.563	   0.570	      71
32.583	   0.530	      66
32.603	   0.634	      79
32.623	   0.642	      80
32.643	   0.618	      77
32.663	   0.682	      85
32.683	   0.538	      67
32.703	   0.674	      84
32.723	   0.634	      79
32.743	   0.610	      76
32.763	   0.626	      78
32.783	   0.329	      41
32.803	   0.522	      65
32.823	   0.514	      64
32.843	   0.578	      72
32.863	   0.666	      83
32.883	   0.522	      65
32.903	   0.457	      57
32.923	   0.506	      63
32.943	   0.610	      76
32.963	   0.618	      77
32.983	   0.594	      74
33.003	   0.666	      83
33.023	   0.530	      66
33.043	   0.546	      68
33.063	   0.554	      69
33.083	   0.441	      55
33.103	   0.602	      75
33.123	   0.562	      70
33.143	   0.522	      65
33.163	   0.562	      70
33.183	   0.457	      57
33.203	   0.586	      73
33.223	   0.473	      59
33.243	   0.586	      73
33.263	   0.554	      69
33.283	   0.578	      72
33.303	   0.642	      80
33.323	   0.594	      74
33.343	   0.538	      67
33.363	   0.562	      70
33.383	   0.433	      54
33.403	   0.522	      65
33.423	   0.522	      65
33.443	   0.626	      78
33.464	   0.490	      61
33.484	   0.538	      67
33.504	   0.554	      69
33.524	   0.594	      74
33.544	   0.457	      57
33.564	   0.642	      80
33.584	   0.562	      70
33.604	   0.682	      85
33.624	   0.594	      74
33.644	   0.482	      60
33.664	   0.618	      77
33.684	   0.578	      72
33.704	   0.473	      59
33.724	   0.570	      71
33.744	   0.514	      64
33.764	   0.425	      53
33.784	   0.570	      71
33.804	   0.490	      61
33.824	   0.433	      54
33.844	   0.393	      49
33.864	   0.578	      72
33.884	   0.506	      63
33.904	   0.554	      69
33.924	   0.498	      62
33.944	   0.401	      50
33.964	   0.562	      70
33.984	   0.465	      58
34.004	   0.562	      70
34.024	   0.522	      65
34.044	   0.409	      51
34.064	   0.490	      61
34.084	   0.594	      74
34.104	   0.570	      71
34.124	   0.530	      66
34.144	   0.586	      73
34.164	   0.506	      63
34.184	   0.514	      64
34.204	   0.554	      69
34.224	   0.498	      62
34.244	   0.490	      61
34.264	   0.498	      62
34.284	   0.530	      66
34.304	   0.530	      66
34.324	   0.538	      67
34.344	   0.441	      55
34.364	   0.449	      56
34.384	   0.570	      71
34.404	   0.554	      69
34.424	   0.570	      71
34.444	   0.441	      55
34.464	   0.473	      59
34.484	   0.449	      56
34.504	   0.650	      81
34.524	   0.546	      68
34.544	   0.409	      51
34.564	   0.457	      57
34.584	   0.498	      62
34.604	   0.482	      60
34.624	   0.522	      65
34.644	   0.409	      51
34.664	   0.369	      46
34.684	   0.514	      64
34.704	   0.393	      49
34.724	   0.449	      56
34.744	   0.441	      55
34.764	   0.514	      64
34.784	   0.425	      53
34.804	   0.433	      54
34.824	   0.546	      68
34.844	   0.377	      47
34.864	   0.490	      61
34.884	   0.482	      60
34.904	   0.514	      64
34.924	   0.449	      56
34.944	   0.393	      49
34.964	   0.345	      43
34.984	   0.433	      54
35.004	   0.586	      73
35.024	   0.401	      50
35.044	   0.377	      47
35.064	   0.433	      54
35.084	   0.449	      56
35.104	   0.498	      62
35.124	   0.377	      47
35.144	   0.465	      58
35.164	   0.425	      53
35.184	   0.393	      49
35.204	   0.377	      47
35.224	   0.433	      54
35.244	   0.473	      59
35.264	   0.457	      57
35.284	   0.538	      67
35.304	   0.498	      62
35.324	   0.514	      64
35.344	   0.369	      46
35.364	   0.482	      60
35.384	   0.369	      46
35.404	   0.594	      74
35.424	   0.425	      53
35.444	   0.473	      59
35.464	   0.417	      52
35.484	   0.498	      62
35.504	   0.514	      64
35.524	   0.409	      51
35.544	   0.393	      49
35.564	   0.465	      58
35.584	   0.457	      57
35.604	   0.305	      38
35.624	   0.570	      71
35.644	   0.361	      45
35.664	   0.457	      57
35.684	   0.425	      53
35.704	   0.506	      63
35.724	   0.409	      51
35.744	   0.393	      49
35.764	   0.433	      54
35.784	   0.465	      58
35.805	   0.385	      48
35.825	   0.449	      56
35.845	   0.369	      46
35.865	   0.417	      52
35.885	   0.401	      50
35.905	   0.409	      51
35.925	   0.385	      48
35.945	   0.514	      64
35.965	   0.393	      49
35.985	   0.409	      51
36.005	   0.377	      47
36.025	   0.465	      58
36.045	   0.401	      50
36.065	   0.369	      46
36.085	   0.313	      39
36.105	   0.457	      57
36.125	   0.441	      55
36.145	   0.361	      45
36.165	   0.409	      51
36.185	   0.345	      43
36.205	   0.465	      58
36.225	   0.449	      56
36.245	   0.457	      57
36.265	   0.353	      44
36.285	   0.433	      54
36.305	   0.297	      37
36.325	   0.337	      42
36.345	   0.305	      38
36.365	   0.465	      58
36.385	   0.345	      43
36.405	   0.377	      47
36.425	   0.345	      43
36.445	   0.393	      49
36.465	   0.401	      50
36.485	   0.321	      40
36.505	   0.401	      50
36.525	   0.393	      49
36.545	   0.369	      46
36.565	   0.297	      37
36.585	   0.345	      43
36.605	   0.305	      38
36.625	   0.297	      37
36.645	   0.313	      39
36.665	   0.361	      45
36.685	   0.417	      52
36.705	   0.457	      57
36.725	   0.289	      36
36.745	   0.433	      54
36.765	   0.329	      41
36.785	   0.185	      23
36.805	   0.473	      59
36.825	   0.377	      47
36.845	   0.329	      41
36.865	   0.393	      49
36.885	   0.385	      48
36.905	   0.345	      43
36.925	   0.377	      47
36.945	   0.377	      47
36.965	   0.337	      42
36.985	   0.321	      40
37.005	   0.337	      42
37.025	   0.353	      44
37.045	   0.297	      37
37.065	   0.369	      46
37.085	   0.313	      39
37.105	   0.313	      39
37.125	   0.369	      46
37.145	   0.353	      44
37.165	   0.393	      49
37.185	   0.281	      35
37.205	   0.353	      44
37.225	   0.337	      42
37.245	   0.249	      31
37.265	   0.281	      35
37.285	   0.209	      26
37.305	   0.353	      44
37.325	   0.313	      39
37.345	   0.329	      41
37.365	   0.369	      46
37.385	   0.313	      39
37.405	   0.313	      39
37.425	   0.297	      37
37.445	   0.337	      42
37.465	   0.281	      35
37.485	   0.313	      39
37.505	   0.289	      36
37.525	   0.361	      45
37.545	   0.353	      44
37.565	   0.297	      37
37.585	   0.385	      48
37.605	   0.345	      43
37.625	   0.305	      38
37.645	   0.441	      55
37.665	   0.273	      34
37.685	   0.377	      47
37.705	   0.337	      42
37.725	   0.257	      32
37.745	   0.289	      36
37.765	   0.321	      40
37.785	   0.233	      29
37.805	   0.297	      37
37.825	   0.265	      33
37.845	   0.265	      33
37.865	   0.209	      26
37.885	   0.265	      33
37.905	   0.273	      34
37.925	   0.201	      25
37.945	   0.257	      32
37.965	   0.305	      38
37.985	   0.337	      42
38.005	   0.385	      48
38.025	   0.241	      30
38.045	   0.257	      32
38.065	   0.193	      24
38.085	   0.233	      29
38.105	   0.257	      32
38.125	   0.281	      35
38.146	   0.313	      39
38.166	   0.233	      29
38.186	   0.225	      28
38.206	   0.265	      33
38.226	   0.281	      35
38.246	   0.273	      34
38.266	   0.305	      38
38.286	   0.233	      29
38.306	   0.257	      32
38.326	   0.233	      29
38.346	   0.233	      29
38.366	   0.321	      40
38.386	   0.257	      32
38.406	   0.209	      26
38.426	   0.265	      33
38.446	   0.385	      48
38.466	   0.265	      33
38.486	   0.217	      27
38.506	   0.297	      37
38.526	   0.265	      33
38.546	   0.225	      28
38.566	   0.241	      30
38.586	   0.217	      27
38.606	   0.265	      33
38.626	   0.241	      30
38.646	   0.241	      30
38.666	   0.273	      34
38.686	   0.241	      30
38.706	   0.193	      24
38.726	   0.257	      32
38.746	   0.185	      23
38.766	   0.313	      39
38.786	   0.225	      28
38.806	   0.233	      29
38.826	   0.249	      31
38.846	   0.201	      25
38.866	   0.281	      35
38.886	   0.201	      25
38.906	   0.193	      24
38.926	   0.265	      33
38.946	   0.241	      30
38.966	   0.265	      33
38.986	   0.337	      42
39.006	   0.169	      21
39.026	   0.209	      26
39.046	   0.201	      25
39.066	   0.233	      29
39.086	   0.225	      28
39.106	   0.209	      26
39.126	   0.209	      26
39.146	   0.249	      31
39.166	   0.193	      24
39.186	   0.225	      28
39.206	   0.265	      33
39.226	   0.217	      27
39.246	   0.217	      27
39.266	   0.152	      19
39.286	   0.201	      25
39.306	   0.265	      33
39.326	   0.144	      18
39.346	   0.144	      18
39.366	   0.257	      32
39.386	   0.217	      27
39.406	   0.152	      19
39.426	   0.193	      24
39.446	   0.161	      20
39.466	   0.112	      14
39.486	   0.241	      30
39.506	   0.185	      23
39.526	   0.152	      19
39.546	   0.120	      15
39.566	   0.233	      29
39.586	   0.152	      19
39.606	   0.169	      21
39.626	   0.161	      20
39.646	   0.225	      28
39.666	   0.257	      32
39.686	   0.136	      17
39.706	   0.185	      23
39.726	   0.136	      17
39.746	   0.209	      26
39.766	   0.217	      27
39.786	   0.161	      20
39.806	   0.193	      24
39.826	   0.144	      18
39.846	   0.177	      22
39.866	   0.169	      21
39.886	   0.144	      18
39.906	   0.233	      29
39.926	   0.177	      22
39.946	   0.225	      28
39.966	   0.128	      16
39.986	   0.144	      18
40.006	   0.169	      21
40.026	   0.177	      22
40.046	   0.112	      14
40.066	   0.177	      22
40.086	   0.217	      27
40.106	   0.136	      17
40.126	   0.144	      18
40.146	   0.169	      21
40.166	   0.169	      21
40.186	   0.144	      18
40.206	   0.161	      20
40.226	   0.193	      24
40.246	   0.128	      16
40.266	   0.177	      22
40.286	   0.096	      12
40.306	   0.120	      15
40.326	   0.136	      17
40.346	   0.136	      17
40.366	   0.144	      18
40.386	   0.169	      21
40.406	   0.112	      14
40.426	   0.152	      19
40.446	   0.177	      22
40.466	   0.152	      19
40.487	   0.080	      10
40.507	   0.161	      20
40.527	   0.104	      13
40.547	   0.136	      17
40.567	   0.120	      15
40.587	   0.161	      20
40.607	   0.128	      16
40.627	   0.128	      16
40.647	   0.104	      13
40.667	   0.152	      19
40.687	   0.144	      18
40.707	   0.136	      17
40.727	   0.177	      22
40.747	   0.128	      16
40.767	   0.144	      18
40.787	   0.120	      15
40.807	   0.088	      11
40.827	   0.120	      15
40.847	   0.169	      21
40.867	   0.128	      16
40.887	   0.144	      18
40.907	   0.152	      19
40.927	   0.120	      15
40.947	   0.177	      22
