1   1   4     2  13  1      3  16  2      4  22  2      5  28  1
6   31  2     7  37  1      8  40  3      9  46  2     10  52  1
11  55  2    12  61  2     13  67  2     14  73  3     15  82  1
16  85  1    17  88  2     18  94  1     19  97  2     20 103  2
21 109  2    22 115  4     23 127  4     24 139  3     25 148  4
26 160  3    27 169  3     28 178  3     29 187  3     30 196  2
31 202  2    32 208  2     33 214  1     34 217  1     35 220  2
36 226  1    37 229  2     38 235  2     39 241  2     40 247  2
41 253  3    42 262  4     43 274  1     44 277  3     45 286  3
46 295  3    47 304  3     48 313  2     49 319  2     50 325  3
51 334  3    52 343  1     53 346  2     54 352  1     55 355  2
56 361  2    57 367  2     58 373  3     59 382  3     60 391  2
61 397  2    62 403  2     63 409  3     64 418  2     65 424  2
66 430  2    67 436  2     68 442  2     69 448  2     70 454  3
71 463  2    72 469  2     73 475  2     74 481  2     75 487  1
76 490  2    77 496  3     78 505  3     79 514  3     80 523  3
81 532  3    82 541  3     83 550  3     84 559  1     85 562  1
86 565  1    87 568  1     88 571  2     89 577  2     90 583  2
91 589  1    92 592  4     93 604  4     94 616  4     95 628  1
96 631  1    97 634  1     98 637  1     99 640  1    100 643  1
101 646 1   102 649  1     103 652 1     104 655 1

H        1.00794   0.32
0.489918 20.6593 0.262003 7.74039 0.196767 49.5519 0.049879 2.20159 0.001305 -3.7409
0 0 0 0 0 0 0 0 0 0 0 0 0 0 0 0 0 0 0 0 0 0  0.3326 79.9
H .s      1.00794   0.32
0.493002 10.5109 0.322912 26.1257 0.140191 3.14236 0.04081 57.7997 0.003038
0 0 0 0 0 0 0 0 0 0 0 0 0 0 0 0 0 0 0 0 0 0
H -       1.00794   2.08
0.897661 53.1368 0.565616 15.187 0.415815 186.576 0.116973 3.56709 0.002389
0 0 0 0 0 0 0 0 0 0 0 0 0 0 0 0 0 0 0 0 0 0
D        2.014      0.32
0.489918 20.6593 0.262003 7.74039 0.196767 49.5519 0.049879 2.20159 0.001305 6.674
0 0 0 0 0 0 0 0 0 0 0 0 0 0 0 0 0 0 0 0 0 0  0.000519 2.04
He       4.002602    0.32
0.8734 9.1037 0.6309 3.3568 0.3112 22.9276 0.178 0.9821 0.0064 3.26
0 0 0 0 0 0 0 0 0 0 0 0 0 0 0 0 0 0 0 0 0 0  0.00747 0.0
Li       6.941      1.55
1.1282 3.9546 0.7508 1.0524 0.6175 85.3905 0.4653 168.261 0.0377 -1.9
 0.00200  0.00100  0.00129  0.00069  0.00091  0.00057  0.00058  0.00047  0.00030  0.00040  0.00004  0.00033 -0.00203  0.00007 -0.00222  0.00006 -0.00241  0.00005 -0.00400  0.00000 -0.00010  0.00030  0.00100  0.00100
Li+      6.941      0.7
0.6968 4.6237 0.7888 1.9557 0.3414 0.6316 0.1563 10.0953 0.0167
 0.00200  0.00100  0.00129  0.00069  0.00091  0.00057  0.00058  0.00047  0.00030  0.00040  0.00004  0.00033 -0.00203  0.00007 -0.00222  0.00006 -0.00241  0.00005 -0.00400  0.00000 -0.00010  0.00030
Be       9.012182     1.10
1.5919 43.6427 1.1278 1.8623 0.5391 103.483 0.7029 0.542 0.0385 7.79
 0.00800  0.00300  0.00640  0.00275  0.00532  0.00229  0.00439  0.00192  0.00360  0.00162  0.00292  0.00137 -0.00162  0.00029 -0.00194  0.00026 -0.00226  0.00023 -0.00400  0.00000  0.00254  0.00124  0.00200  0.00300
Be2+     9.012182     0.34
6.2603 0.0027 0.8849 0.8313 0.7993 2.2758 0.1647 5.1146 -6.1092
 0.00800  0.00300  0.00640  0.00275  0.00532  0.00229  0.00439  0.00192  0.00360  0.00162  0.00292  0.00137 -0.00162  0.00029 -0.00194  0.00026 -0.00226  0.00023 -0.00400  0.00000  0.00254  0.00124
B        10.811       0.9
2.0545 23.2185 1.3326 1.021 1.0979 60.3498 0.7068 0.1403 -0.1932 5.30
 0.01800  0.00900  0.01518  0.00778  0.01283  0.00650  0.01083  0.00547  0.00911  0.00462  0.00764  0.00393 -0.00131  0.00086 -0.00185  0.00076 -0.00236  0.00068 -0.00500  0.00000  0.00684  0.00357  0.00700  0.00800
C        12.011       0.77
2.31 20.8439 1.02 10.2075 1.5886 0.5687 0.865 51.6512 0.2156 6.6484
 0.03500  0.02100  0.02987  0.01771  0.02560  0.01485  0.02196  0.01252  0.01882  0.01062  0.01614  0.00907  0.00029  0.00202 -0.00057  0.00180 -0.00137  0.00161 -0.00500  0.00100  0.01467  0.00826  0.01500  0.01700
C .v      12.011     1.7
2.26069 22.6907 1.56165 0.656665 1.05075 9.75618 0.839259 55.5949 0.286977
 0.03500  0.02100  0.02987  0.01771  0.02560  0.01485  0.02196  0.01252  0.01882  0.01062  0.01614  0.00907  0.00029  0.00202 -0.00057  0.00180 -0.00137  0.00161 -0.00500  0.00100  0.01467  0.00826
N        14.00674    0.75
12.2126 0.0057 3.1322 9.8933 2.0125 28.9975 1.1663 0.5826 -11.529 9.36
 0.05800  0.04200  0.05031  0.03477  0.04352  0.02927  0.03766  0.02478  0.03259  0.02109  0.02825  0.01806  0.00257  0.00413  0.00126  0.00368  0.00006  0.00330 -0.00600  0.00200  0.02585  0.01646  0.02900  0.02900
O        15.9994     0.73
3.0485 13.2771 2.2868 5.7011 1.5463 0.3239 0.867 32.9089 0.2508 5.805
 0.09000  0.07300  0.07806  0.06138  0.06813  0.05185  0.05950  0.04404  0.05198  0.03759  0.04547  0.03229  0.00690  0.00756  0.00497  0.00675  0.00322  0.00607 -0.00500  0.00400  0.04188  0.02949  0.05200  0.04700
O -       15.9994    0.73
4.1916 12.8573 1.63969 4.17236 1.52673 47.0179 -20.307 -0.01404 21.9412
 0.09000  0.07300  0.07806  0.06138  0.06813  0.05185  0.05950  0.04404  0.05198  0.03759  0.04547  0.03229  0.00690  0.00756  0.00497  0.00675  0.00322  0.00607 -0.00500  0.00400  0.04188  0.02949
O2-       15.9994    1.35
3.75040 16.5151 2.84294 6.59203 1.54298 0.319201 1.62091 43.3486 0.242060
 0.09000  0.07300  0.07806  0.06138  0.06813  0.05185  0.05950  0.04404  0.05198  0.03759  0.04547  0.03229  0.00690  0.00756  0.00497  0.00675  0.00322  0.00607 -0.00500  0.00400  0.04188  0.02949
F        18.9984032    0.72
3.5392 10.2825 2.6412 4.2944 1.517 0.2615 1.0243 26.1476 0.2776 5.654
 0.12800  0.11900  0.11289  0.10041  0.09938  0.08508  0.08754  0.07248  0.07714  0.06205  0.06807  0.05345  0.01350  0.01282  0.01080  0.01146  0.00837  0.01031 -0.00200  0.00600  0.06306  0.04889  0.08500  0.06900
F -       18.9984032   1.33
3.6322 5.27756 3.51057 14.7353 1.26064 0.442258 0.940706 47.3437 0.653396
 0.12800  0.11900  0.11289  0.10041  0.09938  0.08508  0.08754  0.07248  0.07714  0.06205  0.06807  0.05345  0.01350  0.01282  0.01080  0.01146  0.00837  0.01031 -0.00200  0.00600  0.06306  0.04889
Ne       20.1797       1.50
3.9553 8.4042 3.1125 3.4262 1.4546 0.2306 1.1251 21.7184 0.3515 4.547
 0.17400  0.18400  0.15478  0.15519  0.13742  0.13185  0.12203  0.11260  0.10838  0.09663  0.09639  0.08343  0.02264  0.02043  0.01909  0.01828  0.01581  0.01646  0.00200  0.01000  0.08972  0.07643  0.13200  0.09700
Na       22.989768     1.90
4.7626 3.285 3.1736 8.8422 1.2674 0.3136 1.1128 129.424 0.676 3.63
 0.22300  0.27000  0.20018  0.22862  0.17926  0.19473  0.16041  0.16670  0.14349  0.14340  0.12846  0.12409  0.03335  0.03093  0.02859  0.02773  0.02433  0.02501  0.00600  0.01500  0.12005  0.11382  0.19500  0.12900
Na+      22.989768     0.98
3.2565 2.6671 3.9362 6.1153 1.3998 0.2001 1.0032 14.039 0.404
 0.22300  0.27000  0.20018  0.22862  0.17926  0.19473  0.16041  0.16670  0.14349  0.14340  0.12846  0.12409  0.03335  0.03093  0.02859  0.02773  0.02433  0.02501  0.00600  0.01500  0.12005  0.11382
Mg       24.3050       1.60
5.4204 2.8275 2.1735 79.2611 1.2269 0.3808 2.3073 7.1937 0.8584 5.375
 0.27000  0.38200  0.24624  0.32392  0.22273  0.27655  0.20106  0.23729  0.18125  0.20457  0.16340  0.17739  0.04603  0.04501  0.04001  0.04039  0.03462  0.03648  0.01200  0.02200  0.15330  0.16292  0.27700  0.16500
Mg2+     24.3050       0.75
3.4988 2.1676 3.8378 4.7542 1.3284 0.185 0.8497 10.1411 0.4853
 0.27000  0.38200  0.24624  0.32392  0.22273  0.27655  0.20106  0.23729  0.18125  0.20457  0.16340  0.17739  0.04603  0.04501  0.04001  0.04039  0.03462  0.03648  0.01200  0.02200  0.15330  0.16292
Al       26.981539      1.25
6.4202 3.0387 1.9002 0.7426 1.5936 31.5472 1.9646 85.0886 1.1151 3.449
 0.31700  0.52200  0.29218  0.44439  0.26797  0.38071  0.24555  0.32757  0.22349  0.28301  0.20321  0.24592  0.06286  0.06348  0.05541  0.05705  0.04874  0.05158  0.02000  0.03100  0.19158  0.22613  0.38100  0.20400
Al3+     26.981539      0.55
4.17448 1.93816 3.3876 4.14553 1.20296 0.228753 0.528137 8.28524 0.706786
 0.31700  0.52200  0.29218  0.44439  0.26797  0.38071  0.24555  0.32757  0.22349  0.28301  0.20321  0.24592  0.06286  0.06348  0.05541  0.05705  0.04874  0.05158  0.02000  0.03100  0.19158  0.22613
Si       28.0855        1.15
6.2915 2.4386 3.0353 32.3337 1.9891 0.6785 1.541 81.6937 1.1407 4.149
 0.35400  0.69300  0.33226  0.59162  0.30937  0.50814  0.28619  0.43837  0.26349  0.37974  0.24223  0.33071  0.08046  0.08676  0.07147  0.07807  0.06342  0.07067  0.02900  0.04300  0.22950  0.30444  0.50900  0.24400
Si.v     28.0855        2.10
5.66269 2.6652 3.07164 38.6634 2.62446 0.916946 1.3932 93.5458 1.24707
 0.35400  0.69300  0.33226  0.59162  0.30937  0.50814  0.28619  0.43837  0.26349  0.37974  0.24223  0.33071  0.08046  0.08676  0.07147  0.07807  0.06342  0.07067  0.02900  0.04300  0.22950  0.30444
Si4+     28.0855        0.40
4.43918 1.64167 3.20345 3.43757 1.19453 0.2149 0.41653 6.65365 0.746297
 0.35400  0.69300  0.33226  0.59162  0.30937  0.50814  0.28619  0.43837  0.26349  0.37974  0.24223  0.33071  0.08046  0.08676  0.07147  0.07807  0.06342  0.07067  0.02900  0.04300  0.22950  0.30444
P        30.973762      1.10
6.4345 1.9067 4.1791 27.157 1.78 0.526 1.4908 68.1645 1.1149 5.13
 0.37700  0.89900  0.36400  0.76991  0.34598  0.66283  0.32537  0.57310  0.30359  0.49752  0.28191  0.43417  0.10203  0.11595  0.09142  0.10444  0.08190  0.09464  0.04100  0.05800  0.26886  0.40020  0.66400  0.28300
S        32.066         1.02
6.9053 1.4679 5.2034 22.2151 1.4379 0.2536 1.5863 56.172 0.8669 2.847
 0.37500  1.14200  0.37755  0.98014  0.36951  0.84578  0.35511  0.73291  0.33705  0.63761  0.31733  0.55755  0.12490  0.15154  0.11268  0.13664  0.10167  0.12393  0.05400  0.07700  0.30483  0.51454  0.84700  0.31900
Cl       35.4527        0.99
11.4604 0.0104 7.1964 1.1662 6.2556 18.5194 1.6455 47.7784 -9.5574 9.5792
 0.33300  1.42400  0.36526  1.22532  0.37428  1.05971  0.37123  0.92025  0.36061  0.80224  0.34558  0.70288  0.14887  0.19420  0.13506  0.17527  0.12256  0.15911  0.06800  0.09900  0.33496  0.64939  1.06100  0.34800
Cl-      35.4527        1.81
18.2915 0.0066 7.2084 1.1717 6.5337 19.5424 2.3386 60.4486 -16.378
 0.33300  1.42400  0.36526  1.22532  0.37428  1.05971  0.37123  0.92025  0.36061  0.80224  0.34558  0.70288  0.14887  0.19420  0.13506  0.17527  0.12256  0.15911  0.06800  0.09900  0.33496  0.64939
Ar       39.948         1.50
7.4845 0.9072 6.7723 14.8407 0.6539 43.89830 1.6442 33.3929 1.4445 1.909
 0.24000  1.74800  0.31107  1.50873  0.34939  1.30879  0.36751  1.13879  0.36976  0.99462  0.36335  0.87299  0.17467  0.24505  0.15941  0.22135  0.14550  0.20110  0.08400  0.12600  0.35656  0.80742  1.30900  0.36600
K        39.0983        2.20
8.2186 12.7949 7.4398 0.7748 1.0519 213.187 0.8659 41.6841 1.4228 3.71
 0.06800  2.11100  0.20367  1.82712  0.28405  1.58888  0.33027  1.38654  0.35538  1.21372  0.36324  1.06726  0.20065  0.30458  0.18428  0.27537  0.16922  0.25040  0.10100  0.15700  0.36301  0.98817  1.58900  0.36500
K +       39.0983       1.33
7.9578 12.6331 7.4917 0.7674 6.359 -0.002 1.1915 31.9128 -4.9978
 0.06800  2.11100  0.20367  1.82712  0.28405  1.58888  0.33027  1.38654  0.35538  1.21372  0.36324  1.06726  0.20065  0.30458  0.18428  0.27537  0.16922  0.25040  0.10100  0.15700  0.36301  0.98817
Ca       40.078         2.00
8.6266 10.4421 7.3873 0.6599 1.5899 85.7484 1.0211 178.437 1.3751 4.90
-0.22600  2.51600  0.01427  2.18347  0.16113  1.90336  0.25238  1.66477  0.30703  1.46077  0.33739  1.28737  0.22366  0.37300  0.20681  0.33779  0.19113  0.30759  0.11900  0.19400  0.34813  1.19329  1.90400  0.34100
Ca2+     40.078         1.05
15.6348 -0.0074 7.9518 0.6089 8.4372 10.3116 0.8537 25.9905 -14.875
-0.22600  2.51600  0.01427  2.18347  0.16113  1.90336  0.25238  1.66477  0.30703  1.46077  0.33739  1.28737  0.22366  0.37300  0.20681  0.33779  0.19113  0.30759  0.11900  0.19400  0.34813  1.19329
Sc       44.955910      1.50
9.189 9.0213 7.3679 0.5729 1.6409 136.108 1.468 51.3531 1.3329 12.29
-0.72600  2.96700 -0.29511  2.58204 -0.04098  2.25586  0.11822  1.97736  0.21908  1.73864  0.28157  1.53525  0.24637  0.45147  0.22927  0.40927  0.21311  0.37304  0.13700  0.23600  0.30670  1.42479  2.25600  0.28500
Sc3+     44.955910      0.83
13.4008 0.29854 8.0273 7.9629 1.65943 -0.28604 1.57936 16.0662 -6.6667
-0.72600  2.96700 -0.29511  2.58204 -0.04098  2.25586  0.11822  1.97736  0.21908  1.73864  0.28157  1.53525  0.24637  0.45147  0.22927  0.40927  0.21311  0.37304  0.13700  0.23600  0.30670  1.42479
Ti       47.88          1.45
9.7595 7.8508 7.3558 0.5 1.6991 35.6338 1.9021 116.105 1.2807 -3.30
-1.68000  3.45700 -0.81009  3.01638 -0.36369  2.64264 -0.09372  2.32127  0.07645  2.04514  0.18533  1.80942  0.26828  0.54044  0.25156  0.49039  0.23542  0.44738  0.15600  0.28400  0.23185  1.68120  2.64300  0.18900
Ti2+     47.88          0.76
9.11423 7.5243 7.62174 0.457585 2.2793 19.5361 0.087899 61.6558 0.897155
-1.68000  3.45700 -0.81009  3.01638 -0.36369  2.64264 -0.09372  2.32127  0.07645  2.04514  0.18533  1.80942  0.26828  0.54044  0.25156  0.49039  0.23542  0.44738  0.15600  0.28400  0.23185  1.68120
Ti3+     47.88          0.70
17.7344 0.22061 8.73816 7.04716 5.25691 -0.15762 1.92134 15.9768 -14.652
-1.68000  3.45700 -0.81009  3.01638 -0.36369  2.64264 -0.09372  2.32127  0.07645  2.04514  0.18533  1.80942  0.26828  0.54044  0.25156  0.49039  0.23542  0.44738  0.15600  0.28400  0.23185  1.68120
Ti4+     47.88          0.64
19.5114 0.178847 8.23473 6.67018 2.01341 -0.29263 1.5208 12.9464 -13.28
-1.68000  3.45700 -0.81009  3.01638 -0.36369  2.64264 -0.09372  2.32127  0.07645  2.04514  0.18533  1.80942  0.26828  0.54044  0.25156  0.49039  0.23542  0.44738  0.15600  0.28400  0.23185  1.68120
V        50.9415        1.30
10.2971 6.8657 7.3511 0.4385 2.0703 26.8938 2.0571 102.478 1.2199 -0.3824
-4.45000  0.45800 -1.81102  3.48877 -0.90022  3.06459 -0.43285  2.69942 -0.14880  2.38338  0.03054  2.11261  0.28511  0.64081  0.26957  0.58200  0.25410  0.53141  0.17300  0.33900  0.10840  1.96508  3.07000  0.03500
V 2+      50.9415       0.88
10.106 6.8818 7.3541 0.4409 2.2884 20.3004 0.0223 115.122 1.2298
-4.45000  0.45800 -1.81102  3.48877 -0.90022  3.06459 -0.43285  2.69942 -0.14880  2.38338  0.03054  2.11261  0.28511  0.64081  0.26957  0.58200  0.25410  0.53141  0.17300  0.33900  0.10840  1.96508
V 3+      50.9415       0.75
9.43141 6.39535 7.7419 0.383349 2.15343 15.1908 0.016865 63.969 0.656565
-4.45000  0.45800 -1.81102  3.48877 -0.90022  3.06459 -0.43285  2.69942 -0.14880  2.38338  0.03054  2.11261  0.28511  0.64081  0.26957  0.58200  0.25410  0.53141  0.17300  0.33900  0.10840  1.96508
V 5+      50.9415       0.59
15.6887 0.679003 8.14208 5.40135 2.03081 9.97278 -9.576 0.940464 1.7143
-4.45000  0.45800 -1.81102  3.48877 -0.90022  3.06459 -0.43285  2.69942 -0.14880  2.38338  0.03054  2.11261  0.28511  0.64081  0.26957  0.58200  0.25410  0.53141  0.17300  0.33900  0.10840  1.96508
Cr       51.9961       1.25
10.6406 6.1038 7.3537 0.392 3.324 20.2626 1.4922 98.7399 1.1832 3.635
-2.16400  0.54700 -3.96148  0.46895 -1.96079  3.52535 -0.99183  3.11306 -0.50217  2.75549 -0.20641  2.44720  0.29768  0.75350  0.28435  0.68494  0.27031  0.62591  0.19100  0.40100 -0.08080  2.27853  3.53300 -0.19800
Cr2+     51.9961       0.89
9.54034 5.66078 7.7509 0.344261 3.58274 13.3075 0.509107 32.4224 0.616898
-2.16400  0.54700 -3.96148  0.46895 -1.96079  3.52535 -0.99183  3.11306 -0.50217  2.75549 -0.20641  2.44720  0.29768  0.75350  0.28435  0.68494  0.27031  0.62591  0.19100  0.40100 -0.08080  2.27853
Cr3+     51.9961       0.65
9.6809 5.59463 7.81136 0.334393 2.87603 12.8288 0.113575 32.8761 0.518275
-2.16400  0.54700 -3.96148  0.46895 -1.96079  3.52535 -0.99183  3.11306 -0.50217  2.75549 -0.20641  2.44720  0.29768  0.75350  0.28435  0.68494  0.27031  0.62591  0.19100  0.40100 -0.08080  2.27853
Mn       54.93805      1.20
11.2819 5.3409 7.3573 0.3432 3.0193 17.8674 2.2441 83.7543 1.0896 -3.73
-1.63800  0.64900 -2.13282  0.55607 -3.61260  0.47982 -2.12241  3.55464 -1.08739  3.15510 -0.57831  2.80892  0.30304  0.87858  0.29334  0.79934  0.28187  0.73104  0.20700  0.47000 -0.37244  2.61855  0.48100 -0.56800
Mn2+     54.93805      0.91
10.8061 5.2796 7.362 0.3435 3.5268 14.343 0.2184 41.3235 1.0874
-1.63800  0.64900 -2.13282  0.55607 -3.61260  0.47982 -2.12241  3.55464 -1.08739  3.15510 -0.57831  2.80892  0.30304  0.87858  0.29334  0.79934  0.28187  0.73104  0.20700  0.47000 -0.37244  2.61855
Mn3+     54.93805      0.62
9.84521 4.91797 7.87194 0.294393 3.56531 10.8171 0.323613 24.1281 0.393974
-1.63800  0.64900 -2.13282  0.55607 -3.61260  0.47982 -2.12241  3.55464 -1.08739  3.15510 -0.57831  2.80892  0.30304  0.87858  0.29334  0.79934  0.28187  0.73104  0.20700  0.47000 -0.37244  2.61855
Mn4+     54.93805      0.52
9.96253 4.8485 7.97057 0.283303 2.76067 10.4852 0.054447 27.573 0.251877
-1.63800  0.64900 -2.13282  0.55607 -3.61260  0.47982 -2.12241  3.55464 -1.08739  3.15510 -0.57831  2.80892  0.30304  0.87858  0.29334  0.79934  0.28187  0.73104  0.20700  0.47000 -0.37244  2.61855
Fe       55.847        1.17
11.7695 4.7611 7.3573 0.3072 3.5222 15.3535 2.3045 76.8805 1.0369 9.54
-1.33800  0.76300 -1.63276  0.65434 -2.10234  0.56490 -3.37822  0.49012 -2.29165  3.58314 -1.19028  3.20159  0.29776  1.01688  0.29396  0.92595  0.28629  0.84750  0.22000  0.54700 -0.82771  2.98958  0.56600 -1.17900
Fe2+     55.847        0.83
11.0424 4.6538 7.374 0.3053 4.1346 12.0546 0.4399 31.2809 1.0097
-1.33800  0.76300 -1.63276  0.65434 -2.10234  0.56490 -3.37822  0.49012 -2.29165  3.58314 -1.19028  3.20159  0.29776  1.01688  0.29396  0.92595  0.28629  0.84750  0.22000  0.54700 -0.82771  2.98958
Fe3+     55.847        0.67
11.1764 4.6147 7.3863 0.3005 3.3948 11.6729 0.0724 38.5566 0.9707
-1.33800  0.76300 -1.63276  0.65434 -2.10234  0.56490 -3.37822  0.49012 -2.29165  3.58314 -1.19028  3.20159  0.29776  1.01688  0.29396  0.92595  0.28629  0.84750  0.22000  0.54700 -0.82771  2.98958
Co       58.93320      1.16
12.2841 4.2791 7.3409 0.2784 4.0034 13.5359 2.3488 71.1692 1.0118 2.50
-1.12300  0.89100 -1.34036  0.76442 -1.62546  0.66027 -2.07470  0.57314 -3.20216  0.49979 -2.44115  3.61997  0.28330  1.16873  0.28619  1.06515  0.28455  0.97571  0.23100  0.63300 -1.63012  3.38194  0.66200 -2.46400
Co2+     58.93320      0.82
11.2296 4.1231 7.3883 0.2726 4.7393 10.2443 0.7108 25.6466 0.9324
-1.12300  0.89100 -1.34036  0.76442 -1.62546  0.66027 -2.07470  0.57314 -3.20216  0.49979 -2.44115  3.61997  0.28330  1.16873  0.28619  1.06515  0.28455  0.97571  0.23100  0.63300 -1.63012  3.38194
Co3+     58.93320      0.65
10.338 3.90969 7.88173 0.238668 4.76795 8.35583 0.725591 18.3491 0.286667
-1.12300  0.89100 -1.34036  0.76442 -1.62546  0.66027 -2.07470  0.57314 -3.20216  0.49979 -2.44115  3.61997  0.28330  1.16873  0.28619  1.06515  0.28455  0.97571  0.23100  0.63300 -1.63012  3.38194
Ni       58.69         1.15
12.8376 3.8785 7.292 0.2565 4.4438 12.1763 2.38 66.3421 1.0341 10.3
-0.95500  1.03400 -1.13397  0.88790 -1.34551  0.76719 -1.62293  0.66619 -2.05248  0.58116 -3.03817  0.50986  0.24702  1.33412  0.26074  1.21776  0.26879  1.11640  0.23500  0.72700 -4.46106  3.85451  0.76900 -2.95600
Ni2+     58.69         0.78
11.4166 3.6766 7.4005 0.2449 5.3442 8.873 0.9773 22.1626 0.8614
-0.95500  1.03400 -1.13397  0.88790 -1.34551  0.76719 -1.62293  0.66619 -2.05248  0.58116 -3.03817  0.50986  0.24702  1.33412  0.26074  1.21776  0.26879  1.11640  0.23500  0.72700 -4.46106  3.85451
Ni3+     58.69         0.78
10.7806 3.5477 7.75868 0.22314 5.22746 7.64468 0.847114 16.9673 0.386044
-0.95500  1.03400 -1.13397  0.88790 -1.34551  0.76719 -1.62293  0.66619 -2.05248  0.58116 -3.03817  0.50986  0.24702  1.33412  0.26074  1.21776  0.26879  1.11640  0.23500  0.72700 -4.46106  3.85451
Cu       63.546        1.20
13.338 3.5828 7.1676 0.247 5.6158 11.3966 1.6735 64.8126 1.191 7.718
-0.79300  1.19400 -0.95340  1.02563 -1.13049  0.88648 -1.33991  0.77002 -1.61205  0.67196 -2.02030  0.58972  0.20273  1.51377  0.22881  1.38301  0.24425  1.26964  0.23900  0.83000 -2.44358  0.54556  0.88800 -2.01900
Cu+      63.546        0.96
11.9475 3.3669 7.3573 0.2274 6.2455 8.6625 1.5578 25.8487 0.89
-0.79300  1.19400 -0.95340  1.02563 -1.13049  0.88648 -1.33991  0.77002 -1.61205  0.67196 -2.02030  0.58972  0.20273  1.51377  0.22881  1.38301  0.24425  1.26964  0.23900  0.83000 -2.44358  0.54556
Cu2+     63.546        0.72
11.8168 3.37484 7.11181 0.244078 5.78135 7.9876 1.14523 19.897 1.14431
-0.79300  1.19400 -0.95340  1.02563 -1.13049  0.88648 -1.33991  0.77002 -1.61205  0.67196 -2.02030  0.58972  0.20273  1.51377  0.22881  1.38301  0.24425  1.26964  0.23900  0.83000 -2.44358  0.54556
Zn       65.39         1.30
14.0743 3.2655 7.0318 0.2333 5.1652 10.3163 2.41 58.7097 1.3041 5.680
-0.68100  1.37300 -0.82556  1.17907 -0.97928  1.01939 -1.15066  0.88573 -1.35355  0.77318 -1.61290  0.67878  0.12960  1.70821  0.17318  1.56204  0.20182  1.43519  0.23300  0.94200 -1.82556  0.62809  1.02100 -1.61200
Zn2+     65.39         0.83
11.9719 2.9946 7.3862 0.2031 6.4668 7.0826 1.394 18.0995 0.7807
-0.68100  1.37300 -0.82556  1.17907 -0.97928  1.01939 -1.15066  0.88573 -1.35355  0.77318 -1.61290  0.67878  0.12960  1.70821  0.17318  1.56204  0.20182  1.43519  0.23300  0.94200 -1.82556  0.62809
Ga       69.723        1.35
15.2354 3.0669 6.7006 0.2412 4.3591 10.7805 2.9623 61.4135 1.7189 7.288
-0.56900  1.56900 -0.70100  1.34858 -0.84132  1.16634 -0.99162  1.01376 -1.15917  0.88524 -1.35470  0.77741  0.02962  1.91764  0.09630  1.75509  0.14218  1.61390  0.22000  1.06400 -1.49862  0.71950  1.16800 -1.35400
Ga3+     69.723        0.62
12.692 2.81262 6.69883 0.22789 6.06692 6.36441 1.0066 14.4122 1.53545
-0.56900  1.56900 -0.70100  1.34858 -0.84132  1.16634 -0.99162  1.01376 -1.15917  0.88524 -1.35470  0.77741  0.02962  1.91764  0.09630  1.75509  0.14218  1.61390  0.22000  1.06400 -1.49862  0.71950
Ge       72.61         1.35
16.0816 2.8509 6.3747 0.2516 3.7068 11.4468 3.683 54.7625 2.1313 8.1929
-0.46100  1.78600 -0.58890  1.53608 -0.71803  1.32921 -0.85543  1.15573 -1.00266  1.00954 -1.16482  0.88685 -0.10735  2.14280 -0.00953  1.96285  0.05916  1.80640  0.19700  1.19600 -1.27675  0.82094  1.33100 -1.16300
Ge4+     72.61         0.55
12.9172 2.53718 6.70003 0.205855 6.06791 5.47913 0.859041 11.603 1.45572
-0.46100  1.78600 -0.58890  1.53608 -0.71803  1.32921 -0.85543  1.15573 -1.00266  1.00954 -1.16482  0.88685 -0.10735  2.14280 -0.00953  1.96285  0.05916  1.80640  0.19700  1.19600 -1.27675  0.82094
As       74.92159      1.30
16.6723 2.6345 6.0701 0.2647 3.4313 12.9479 4.2779 47.7972 2.531 6.58
-0.36800  2.02200 -0.48434  1.74043 -0.60857  1.50697 -0.73532  1.31093 -0.86981  1.14551 -1.01240  1.00664 -0.29345  2.38363 -0.15242  2.18531 -0.05297  2.01272  0.16400  1.33700 -1.10679  0.93201  1.50800 -1.01100
Se       78.96         1.60
17.0006 2.4098 5.8196 0.2726 3.9731 15.2372 4.3543 43.8163 2.8409 7.970
-0.27900  2.28100 -0.39251  1.96500 -0.50655  1.70285 -0.62816  1.48211 -0.75269  1.29564 -0.88296  1.13891 -0.55366  2.63903 -0.34604  2.42307 -0.20386  2.23345  0.11700  1.49000 -0.96683  1.05467  1.70400 -0.87900
Br       79.904        1.14
17.1789 2.1723 5.2358 16.5796 5.6377 0.2609 3.9851 41.4328 2.9557 6.79
-0.20300  2.56000 -0.30861  2.20734 -0.41945  1.91415 -0.53193  1.66729 -0.65078  1.45828 -0.77162  1.28242 -0.91697  2.90836 -0.61484  2.67326 -0.41027  2.46775  0.05400  1.65200 -0.84862  1.18782  1.91600 -0.76700
Br-      79.904        1.96
17.1718 2.2059 6.3338 19.3345 5.5754 0.2871 3.7272 58.1535 3.1776
-0.20300  2.56000 -0.30861  2.20734 -0.41945  1.91415 -0.53193  1.66729 -0.65078  1.45828 -0.77162  1.28242 -0.91697  2.90836 -0.61484  2.67326 -0.41027  2.46775  0.05400  1.65200 -0.84862  1.18782
Kr       83.80         1.50
17.3555 1.9384 6.7286 16.5623 5.5493 0.2261 3.5375 39.3972 2.825 7.80
-0.13200  2.87000 -0.22774  2.47515 -0.33186  2.14730 -0.44112  1.87129 -0.55292  1.63758 -0.66756  1.44062 -1.47810  3.19654 -0.99195  2.94074 -0.68786  2.71692 -0.02900  1.82700 -0.73940  1.33460  2.14900 -0.66500
Rb       85.4678       2.16
17.1784 1.7888 9.6435 17.3151 5.1399 0.2748 1.5292 164.934 3.4873 7.08
-0.08200  3.19900 -0.16511  2.76041 -0.26008  2.39612 -0.36247  2.08926 -0.46933  1.82936 -0.57771  1.61023 -2.52635  3.51054 -1.57519  3.21989 -1.08264  2.97738 -0.13800  2.01100 -0.64571  1.49212  2.39800 -0.57400
Rb+      85.4678       1.49
17.5816 1.7139 7.6598 14.7957 5.8981 0.1603 2.7817 31.2087 2.0782
-0.08200  3.19900 -0.16511  2.76041 -0.26008  2.39612 -0.36247  2.08926 -0.46933  1.82936 -0.57771  1.61023 -2.52635  3.51054 -1.57519  3.21989 -1.08264  2.97738 -0.13800  2.01100 -0.64571  1.49212
Sr       87.62         2.15
17.5663 1.5564 9.8184 14.0988 5.422 0.1664 2.6694 132.376 2.5064 7.02
-0.01100  3.60700 -0.07896  3.11510 -0.16468  2.70618 -0.26106  2.36142 -0.36369  2.06917 -0.46905  1.82261 -3.43769  0.54098 -2.71552  3.54381 -1.69419  3.26035 -0.27200  2.21200 -0.53482  1.68964  2.70900 -0.46500
Sr2+     87.62         1.18
18.0874 1.4907 8.1373 12.6963 2.5654 24.5651 -34.193 -0.0138 41.4025
-0.01100  3.60700 -0.07896  3.11510 -0.16468  2.70618 -0.26106  2.36142 -0.36369  2.06917 -0.46905  1.82261 -3.43769  0.54098 -2.71552  3.54381 -1.69419  3.26035 -0.27200  2.21200 -0.53482  1.68964
Y        88.90585      1.80
17.776 1.4029 10.2946 12.8006 5.72629 0.125599 3.26588 104.354 1.91213 7.75
 0.00400  4.00100 -0.03788  3.45775 -0.10920  3.00557 -0.19555  2.62408 -0.29091  2.30050 -0.39061  2.02736 -2.27933  0.60398 -3.25232  0.54941 -3.03101  3.58088 -0.45500  2.42000 -0.45328  1.88000  3.00900 -0.38600
Y 3+      88.90585     0.95
17.9268 1.35417 9.1531 11.2145 1.76795 22.6599 -33.108 -0.01319 40.2602
 0.00400  4.00100 -0.03788  3.45775 -0.10920  3.00557 -0.19555  2.62408 -0.29091  2.30050 -0.39061  2.02736 -2.27933  0.60398 -3.25232  0.54941 -3.03101  3.58088 -0.45500  2.42000 -0.45328  1.88000
Zr       91.224        1.60
17.8765 1.27618 10.948 11.916 5.41732 0.117622 3.65721 87.6627 2.06929 7.16
 0.00700  4.42100 -0.01292  3.82412 -0.06417  3.32631 -0.13757  2.90575 -0.22454  2.54879 -0.31810  2.24730 -1.85251  0.67251 -2.25232  0.61187 -3.05774  0.55980 -0.69300  2.63900 -0.37766  2.08457  3.32900 -0.31400
Zr4+     91.224        0.80
18.1668 1.2148 10.0562 10.1483 1.01118 21.6054 -2.6479 -0.10276 9.41454
 0.00700  4.42100 -0.01292  3.82412 -0.06417  3.32631 -0.13757  2.90575 -0.22454  2.54879 -0.31810  2.24730 -1.85251  0.67251 -2.25232  0.61187 -3.05774  0.55980 -0.69300  2.63900 -0.37766  2.08457
Nb       92.90638      1.50
17.6142 1.18865 12.0144 11.766 4.04183 0.204785 3.53346 69.7957 3.75591 7.054
-0.01200  4.87600  0.00008  4.22020 -0.03142  3.67297 -0.08906  3.21044 -0.16512  2.81743 -0.25155  2.48528 -1.59614  0.74661 -1.84992  0.67941 -2.21143  0.62169 -1.01400  2.87000 -0.30767  2.30592  3.67600 -0.24800
Nb3+     92.90638      0.70
19.8812 0.019175 18.0653 1.13305 11.0177 10.1621 1.94715 28.3389 -12.912
-0.01200  4.87600  0.00008  4.22020 -0.03142  3.67297 -0.08906  3.21044 -0.16512  2.81743 -0.25155  2.48528 -1.59614  0.74661 -1.84992  0.67941 -2.21143  0.62169 -1.01400  2.87000 -0.30767  2.30592
Nb5+     92.90638      0.70
17.9163 1.12446 13.3417 0.028781 10.799 9.28206 0.337905 25.7228 -6.3934
-0.01200  4.87600  0.00008  4.22020 -0.03142  3.67297 -0.08906  3.21044 -0.16512  2.81743 -0.25155  2.48528 -1.59614  0.74661 -1.84992  0.67941 -2.21143  0.62169 -1.01400  2.87000 -0.30767  2.30592
Mo       95.94         1.35
3.7025 0.2772 17.2356 1.0958 12.8876 11.004 3.7429 61.6584 4.3875 6.95
-0.06600  5.35400 -0.01193  4.63770 -0.01674  4.03901 -0.05711  3.53263 -0.11936  3.10210 -0.19617  2.73784 -1.41595  0.82628 -1.60486  0.75205 -1.83972  0.68828 -1.48100  3.11100 -0.24801  2.54104  4.04300 -0.19100
Mo3+     95.94         0.68
21.1664 0.014734 18.2017 1.03031 11.7423 9.53659 2.30951 26.6307 -14.421
-0.06600  5.35400 -0.01193  4.63770 -0.01674  4.03901 -0.05711  3.53263 -0.11936  3.10210 -0.19617  2.73784 -1.41595  0.82628 -1.60486  0.75205 -1.83972  0.68828 -1.48100  3.11100 -0.24801  2.54104
Mo5+     95.94         0.68
21.0149 0.014345 18.0992 1.02238 11.4632 8.78809 0.740625 23.3452 -14.316
-0.06600  5.35400 -0.01193  4.63770 -0.01674  4.03901 -0.05711  3.53263 -0.11936  3.10210 -0.19617  2.73784 -1.41595  0.82628 -1.60486  0.75205 -1.83972  0.68828 -1.48100  3.11100 -0.24801  2.54104
Mo6+     95.94         0.65
17.8871 1.03649 11.175 8.48061 6.57891 0.058881 0.0 0.0 0.344941
-0.06600  5.35400 -0.01193  4.63770 -0.01674  4.03901 -0.05711  3.53263 -0.11936  3.10210 -0.19617  2.73784 -1.41595  0.82628 -1.60486  0.75205 -1.83972  0.68828 -1.48100  3.11100 -0.24801  2.54104
Tc       98.0          1.36
19.1301 0.864132 11.0948 8.14487 4.64901 21.5707 2.71263 86.8472 5.40428 6.8
-0.15700  5.86100 -0.05289  5.08231 -0.02191  4.42965 -0.03920  3.87677 -0.08609  3.40638 -0.15083  3.00815 -1.27600  0.91192 -1.42973  0.83016 -1.60647  0.75990 -2.27700  3.36400 -0.19701  2.79282  4.43400 -0.14500
Ru       101.07        1.30
19.2674 0.80852 12.9182 8.43467 4.86337 24.7997 1.56756 94.2928 5.37874 7.21
-0.27900  6.40700 -0.11339  5.56180 -0.04207  4.85110 -0.03023  4.24799 -0.05822  3.73447 -0.11026  3.29948 -1.15988  1.00429 -1.29233  0.91437 -1.43706  0.83712 -7.09900  0.54400 -0.15026  3.06418  4.85400 -0.10500
Ru3+     101.07        0.65
18.5638 0.847329 13.2885 8.37164 9.32602 0.017662 3.00964 22.887 -3.1892
-0.27900  6.40700 -0.11339  5.56180 -0.04207  4.85110 -0.03023  4.24799 -0.05822  3.73447 -0.11026  3.29948 -1.15988  1.00429 -1.29233  0.91437 -1.43706  0.83712 -7.09900  0.54400 -0.15026  3.06418
Ru4+     101.07        0.65
18.5003 0.844582 13.1787 8.12534 4.71304 0.036495 2.18535 20.8504 1.42357
-0.27900  6.40700 -0.11339  5.56180 -0.04207  4.85110 -0.03023  4.24799 -0.05822  3.73447 -0.11026  3.29948 -1.15988  1.00429 -1.29233  0.91437 -1.43706  0.83712 -7.09900  0.54400 -0.15026  3.06418
Rh       102.90550     1.30
19.2957 0.751536 14.3501 8.21758 4.73425 25.8749 1.28918 98.6062 5.328 5.88
-0.44300  6.98100 -0.21029  6.06583 -0.08617  5.29564 -0.04135  4.64063 -0.04618  4.08196 -0.08199  3.60843 -1.06228  1.10333 -1.18083  1.00474 -1.30589  0.92001 -2.69400  0.59800 -0.11443  3.35214  5.30000 -0.07700
Rh3+     102.90550     0.75
18.8785 0.764252 14.1259 7.84438 3.32515 21.2487 -6.1989 -0.01036 11.8678
-0.44300  6.98100 -0.21029  6.06583 -0.08617  5.29564 -0.04135  4.64063 -0.04618  4.08196 -0.08199  3.60843 -1.06228  1.10333 -1.18083  1.00474 -1.30589  0.92001 -2.69400  0.59800 -0.11443  3.35214
Rh4+     102.90550     0.65
18.8545 0.760825 13.9806 7.62436 2.53464 19.3317 -5.6526 -0.0102 11.2835
-0.44300  6.98100 -0.21029  6.06583 -0.08617  5.29564 -0.04135  4.64063 -0.04618  4.08196 -0.08199  3.60843 -1.06228  1.10333 -1.18083  1.00474 -1.30589  0.92001 -2.69400  0.59800 -0.11443  3.35214
Pd       106.42        1.35
19.3319 0.698655 15.5017 7.98929 5.29537 25.2052 0.605844 76.8986 5.26593 5.91
-0.65200  7.59100 -0.33617  6.60103 -0.15562  5.76868 -0.07021  5.05882 -0.04591  4.45254 -0.06240  3.93803 -0.97527  1.20972 -1.08450  1.10181 -1.19682  1.00905 -2.15600  0.65700 -0.08588  3.65944  5.77300 -0.05900
Pd2+     106.42        0.80
19.1701 0.696219 15.2096 7.55573 4.32234 22.5057 0.0 0.0 5.2916
-0.65200  7.59100 -0.33617  6.60103 -0.15562  5.76868 -0.07021  5.05882 -0.04591  4.45254 -0.06240  3.93803 -0.97527  1.20972 -1.08450  1.10181 -1.19682  1.00905 -2.15600  0.65700 -0.08588  3.65944
Pd4+     106.42        0.65
19.2493 0.683839 14.79 7.14833 2.89289 17.9144 -7.9492 0.005127 13.0174
-0.65200  7.59100 -0.33617  6.60103 -0.15562  5.76868 -0.07021  5.05882 -0.04591  4.45254 -0.06240  3.93803 -0.97527  1.20972 -1.08450  1.10181 -1.19682  1.00905 -2.15600  0.65700 -0.08588  3.65944
Ag       107.8682      1.50
19.2808 0.6446 16.6885 7.4726 4.8045 24.6605 1.0463 99.8156 5.179 5.922
-0.93400  8.23200 -0.51341  7.16434 -0.26835  6.26595 -0.13143  5.50005 -0.07163  4.84418 -0.06304  4.28685 -0.90218  1.32276 -1.00202  1.20529 -1.10536  1.10400 -1.86500  0.71900 -0.07527  3.98486  6.27100 -0.06000
Ag+      107.8682      1.13
19.1812 0.646179 15.9719 7.19123 5.27475 21.7326 0.357534 66.1147 5.21572
-0.93400  8.23200 -0.51341  7.16434 -0.26835  6.26595 -0.13143  5.50005 -0.07163  4.84418 -0.06304  4.28685 -0.90218  1.32276 -1.00202  1.20529 -1.10536  1.10400 -1.86500  0.71900 -0.07527  3.98486
Ag2+     107.8682      0.89
19.1643 0.645643 16.2456 7.18544 4.3709 21.4072 0.0 0.0 5.21404
-0.93400  8.23200 -0.51341  7.16434 -0.26835  6.26595 -0.13143  5.50005 -0.07163  4.84418 -0.06304  4.28685 -0.90218  1.32276 -1.00202  1.20529 -1.10536  1.10400 -1.86500  0.71900 -0.07527  3.98486
Cd       112.411       1.50
19.2214 0.5946 17.6444 6.9089 4.461 24.7008 1.6029 87.4825 5.0694 5.1
-1.31100  8.91400 -0.75592  7.76388 -0.42327  6.79518 -0.22947  5.96924 -0.12439  5.26140 -0.08521  4.65879 -0.83693  1.44351 -0.93167  1.31574 -1.02624  1.20566 -1.67200  0.78600 -0.08334  4.33193  6.80000 -0.07900
Cd2+     112.411       0.99
19.1514 0.597922 17.2535 6.80639 4.47128 20.2521 0.0 0.0 5.11937
-1.31100  8.91400 -0.75592  7.76388 -0.42327  6.79518 -0.22947  5.96924 -0.12439  5.26140 -0.08521  4.65879 -0.83693  1.44351 -0.93167  1.31574 -1.02624  1.20566 -1.67200  0.78600 -0.08334  4.33193
In       114.82        1.45
19.1624 0.5476 18.5596 6.3776 4.2948 25.8499 2.0396 92.8029 4.9391 4.065
-1.80500  9.62800 -1.07403  8.39311 -0.63252  7.35140 -0.36507  6.46243 -0.20928  5.70052 -0.13306  5.05084 -0.77923  1.57172 -0.86934  1.43323 -0.95893  1.31372 -1.53000  0.85700 -0.11352  4.69812  7.35600 -0.12600
In3+     114.82        0.92
19.1045 0.551522 18.1108 6.3247 3.78897 17.3595 0.0 0.0 4.99635
-1.80500  9.62800 -1.07403  8.39311 -0.63252  7.35140 -0.36507  6.46243 -0.20928  5.70052 -0.13306  5.05084 -0.77923  1.57172 -0.86934  1.43323 -0.95893  1.31372 -1.53000  0.85700 -0.11352  4.69812
Sn       118.710       1.40
19.1889 5.8303 19.1005 0.5031 4.4585 26.8909 2.4663 83.9571 4.7821 6.228
-2.42000 10.37800 -1.46855  9.05613 -0.89283  7.93810 -0.53676  6.98317 -0.32190  6.16407 -0.20118  5.46542 -0.72392  1.70817 -0.81220  1.55821 -0.89752  1.42882 -1.41600  0.93400 -0.16056  5.08556  7.94300 -0.19400
Sn2+     118.710       1.02
19.1094 0.5036 19.0548 5.8378 4.5648 23.3752 0.487 62.2061 4.7861
-2.42000 10.37800 -1.46855  9.05613 -0.89283  7.93810 -0.53676  6.98317 -0.32190  6.16407 -0.20118  5.46542 -0.72392  1.70817 -0.81220  1.55821 -0.89752  1.42882 -1.41600  0.93400 -0.16056  5.08556
Sn4+     118.710       0.74
18.9333 5.764 19.7131 0.4655 3.4182 14.0049 0.0193 -0.7583 3.9182
-2.42000 10.37800 -1.46855  9.05613 -0.89283  7.93810 -0.53676  6.98317 -0.32190  6.16407 -0.20118  5.46542 -0.72392  1.70817 -0.81220  1.55821 -0.89752  1.42882 -1.41600  0.93400 -0.16056  5.08556
Sb       121.75        1.40
19.6418 5.3034 19.0455 0.4607 5.0371 27.9074 2.6827 75.2825 4.5909 5.641
-3.21900 11.15900 -1.96774  9.74896 -1.21966  8.55288 -0.75546  7.52943 -0.46726  6.65085 -0.29636  5.90103 -0.67537  1.85269 -0.76052  1.69048 -0.84405  1.55061 -1.32500  1.01500 -0.23118  5.49309  8.55700 -0.28700
Sb3+     121.75        0.90
18.9755 0.467196 18.933 5.22126 5.10789 19.5902 0.288753 55.5113 4.69626
-3.21900 11.15900 -1.96774  9.74896 -1.21966  8.55288 -0.75546  7.52943 -0.46726  6.65085 -0.29636  5.90103 -0.67537  1.85269 -0.76052  1.69048 -0.84405  1.55061 -1.32500  1.01500 -0.23118  5.49309
Sb5+     121.75        0.62
19.8685 5.44853 19.0302 0.467973 2.41253 14.1259 0.0 0.0 4.69263
-3.21900 11.15900 -1.96774  9.74896 -1.21966  8.55288 -0.75546  7.52943 -0.46726  6.65085 -0.29636  5.90103 -0.67537  1.85269 -0.76052  1.69048 -0.84405  1.55061 -1.32500  1.01500 -0.23118  5.49309
Te       127.60        1.30
19.9644 4.81742 19.0138 0.420885 6.14487 28.5284 2.5239 70.8403 4.352 5.43
-4.29400 11.97500 -2.60911 10.47502 -1.63874  9.19888 -1.03680  8.10383 -0.65939  7.16302 -0.42714  6.35951 -0.63824  2.00597 -0.71913  1.83087 -0.79970  1.67978 -1.25400  1.10100 -0.33394  5.92219  9.20300 -0.41800
I        126.90447     1.33
20.1472 4.347 18.9949 0.3814 7.5138 27.766 2.2735 66.8776 4.0712 5.28
-5.85000 12.83200 -3.43550 11.23779 -2.15597  9.87776 -1.38290  8.70872 -0.89539  7.70273 -0.58884  6.84294 -0.60110  2.16820 -0.67854  1.97955 -0.75610  1.81670 -1.18800  1.19200 -0.46138  6.37471  9.88500 -0.57900
I -       126.90447    2.20
20.2332 4.3579 18.997 0.3815 7.8069 29.5259 2.8868 84.9304 4.0714
-5.85000 12.83200 -3.43550 11.23779 -2.15597  9.87776 -1.38290  8.70872 -0.89539  7.70273 -0.58884  6.84294 -0.60110  2.16820 -0.67854  1.97955 -0.75610  1.81670 -1.18800  1.19200 -0.46138  6.37471
Xe       131.29        1.50
20.2933 3.9282 19.0298 0.344 8.9767 26.4659 1.99 64.2658 3.7118 4.85
-8.52000 11.91100 -4.55992 12.04439 -2.82558 10.59841 -1.81943  9.35156 -1.19100  8.27649 -0.79304  7.35691 -0.56585  2.34124 -0.64112  2.13806 -0.71563  1.96269 -1.13000  1.28900 -0.62407  6.85591 10.60800 -0.78300
Cs       132.90543     2.70
20.3892 3.569 19.1062 0.3107 10.662 24.3879 1.4953 213.904 3.3352 5.42
-10.80800 12.95000 -6.20902 12.90914 -3.66643 11.37048 -2.34757 10.04320 -1.54096  8.89574 -1.03302  7.91277 -0.53180  2.53205 -0.60379  2.31307 -0.67564  2.12398 -1.07600  1.39800 -0.81511  7.37696 11.38200 -1.02200
Cs+      132.90543     1.70
20.3524 3.552 19.1278 0.3086 10.2821 23.7128 0.9615 59.4565 3.2791
-10.80800 12.95000 -6.20902 12.90914 -3.66643 11.37048 -2.34757 10.04320 -1.54096  8.89574 -1.03302  7.91277 -0.53180  2.53205 -0.60379  2.31307 -0.67564  2.12398 -1.07600  1.39800 -0.81511  7.37696
Ba       137.327       2.20
20.3361 3.216 19.297 0.2756 10.888 20.2073 2.6959 167.202 2.7731 5.25
-11.35200 10.10200 -8.30131 11.95539 -4.83144 12.14379 -3.03260 10.73502 -1.99443  9.51611 -1.34596  8.47033 -0.50857  2.72452 -0.57638  2.48958 -0.64490  2.28668 -1.03200  1.50700 -1.06741  7.89975 12.16400 -1.33400
Ba2+     137.327       1.38
20.1807 3.21367 19.1136 0.28331 10.9054 20.0558 0.77634 51.746 3.02902
-11.35200 10.10200 -8.30131 11.95539 -4.83144 12.14379 -3.03260 10.73502 -1.99443  9.51611 -1.34596  8.47033 -0.50857  2.72452 -0.57638  2.48958 -0.64490  2.28668 -1.03200  1.50700 -1.06741  7.89975
La       138.9055      1.90
20.578 2.94817 19.599 0.244475 11.3727 18.7726 3.28719 133.124 2.14678 8.24
-13.00800  3.56100 -13.01831 12.83062 -6.66280 12.93193 -3.91840 11.44770 -2.55598 10.15611 -1.72989  9.04633 -0.49368  2.92611 -0.55620  2.67461 -0.62077  2.45732 -0.99300  1.62100 -1.37729  8.44044 12.93700 -1.71600
La3+     138.9055      1.15
20.2489 2.9207 19.3763 0.250698 11.6323 17.8211 0.336048 54.9453 2.4086
-13.00800  3.56100 -13.01831 12.83062 -6.66280 12.93193 -3.91840 11.44770 -2.55598 10.15611 -1.72989  9.04633 -0.49368  2.92611 -0.55620  2.67461 -0.62077  2.45732 -0.99300  1.62100 -1.37729  8.44044
Ce       140.115       1.80
21.1671 2.81219 19.7695 0.226836 11.8513 17.6083 3.33049 127.113 1.86264 4.84
-9.61800  3.84100 -11.12494 10.05743 -8.44383 11.97934 -5.11083 12.21684 -3.24380 10.84560 -2.18327  9.66636 -0.47769  3.14030 -0.53502  2.87106 -0.59568  2.63838 -0.95500  1.74300 -1.73779  9.02173 11.95300 -2.17000
Ce3+     140.115       1.18
20.8036 2.77691 19.559 0.23154 11.9369 16.5408 0.612376 43.1692 2.09013
-9.61800  3.84100 -11.12494 10.05743 -8.44383 11.97934 -5.11083 12.21684 -3.24380 10.84560 -2.18327  9.66636 -0.47769  3.14030 -0.53502  2.87106 -0.59568  2.63838 -0.95500  1.74300 -1.73779  9.02173
Ce4+     140.115       1.01
20.3235 2.65941 19.8186 0.21885 12.1233 15.7992 0.144583 62.2355 1.5918
-9.61800  3.84100 -11.12494 10.05743 -8.44383 11.97934 -5.11083 12.21684 -3.24380 10.84560 -2.18327  9.66636 -0.47769  3.14030 -0.53502  2.87106 -0.59568  2.63838 -0.95500  1.74300 -1.73779  9.02173
Pr       140.90765     1.80
22.044 2.77393 19.6697 0.222087 12.3856 16.7669 2.82428 143.644 2.0583 4.45
-8.29500  4.12800 -13.19137  3.59694 -11.35638  9.29669 -7.11203 12.97788 -4.14267 11.54082 -2.75186 10.29547 -0.47188  3.36282 -0.52302  3.07537 -0.57891  2.82690 -0.92300  1.87000 -2.18468  9.61315  6.28500 -2.93900
Pr3+     140.90765     1.16
21.3727 2.6452 19.7491 0.214299 12.1329 15.323 0.97518 36.4065 1.77132
-8.29500  4.12800 -13.19137  3.59694 -11.35638  9.29669 -7.11203 12.97788 -4.14267 11.54082 -2.75186 10.29547 -0.47188  3.36282 -0.52302  3.07537 -0.57891  2.82690 -0.92300  1.87000 -2.18468  9.61315
Pr4+     140.90765     1.00
20.9413 2.54467 20.0539 0.202481 12.4668 14.8137 0.296689 45.4643 1.24285
-8.29500  4.12800 -13.19137  3.59694 -11.35638  9.29669 -7.11203 12.97788 -4.14267 11.54082 -2.75186 10.29547 -0.47188  3.36282 -0.52302  3.07537 -0.57891  2.82690 -0.92300  1.87000 -2.18468  9.61315
Nd       144.24        1.80
22.6845 2.66248 19.6847 0.210628 12.774 15.885 2.85137 137.903 1.98486 7.69
-7.48300  4.42500 -9.68742  3.85770 -10.85769  9.98286 -8.52972 12.00330 -5.36897 12.26040 -3.46013 10.94568 -0.47552  3.59508 -0.51926  3.28877 -0.56952  3.02390 -0.89600  2.00300 -2.73242 10.22451  9.87400 -3.43100
Nd3+     144.24        1.15
21.961 2.52722 19.9339 0.199237 12.12 14.1783 1.51031 30.8717 1.47588
-7.48300  4.42500 -9.68742  3.85770 -10.85769  9.98286 -8.52972 12.00330 -5.36897 12.26040 -3.46013 10.94568 -0.47552  3.59508 -0.51926  3.28877 -0.56952  3.02390 -0.89600  2.00300 -2.73242 10.22451
Pm       145.0         1.80
23.3405 2.5627 19.6095 0.202088 13.1235 15.1009 2.87516 132.721 2.02876 12.6
-6.88700  4.73900 -8.34737  4.13353 -13.55100  3.62395 -10.50899  9.27311 -7.71578 13.00096 -4.38927 11.62623 -0.48600  3.83955 -0.52113  3.51340 -0.56484  3.23131 -0.87300  2.14300 -3.42329 10.86624  3.62700 -4.35700
Pm3+     145.0         1.09
22.5527 2.4174 20.1108 0.185769 12.0671 13.1275 2.07492 27.4491 1.19499
-6.88700  4.73900 -8.34737  4.13353 -13.55100  3.62395 -10.50899  9.27311 -7.71578 13.00096 -4.38927 11.62623 -0.48600  3.83955 -0.52113  3.51340 -0.56484  3.23131 -0.87300  2.14300 -3.42329 10.86624
Sm       150.36        1.80
24.0042 2.47274 19.4258 0.196451 13.4396 14.3996 2.89604 128.007 2.20963 4.2
-6.42500  5.07000 -7.52016  4.42369 -9.72086  3.88001 -10.61728  9.94582 -8.80412 12.02755 -5.71717 12.32517 -0.50679  4.09574 -0.53186  3.74890 -0.56794  3.44881 -0.85400  2.29000 -4.32312 11.52744  3.88300 -5.69600
Sm3+     150.36        1.13
23.1504 2.31641 20.2599 0.174081 11.9202 12.1571 2.71488 24.8242 0.954586
-6.42500  5.07000 -7.52016  4.42369 -9.72086  3.88001 -10.61728  9.94582 -8.80412 12.02755 -5.71717 12.32517 -0.50679  4.09574 -0.53186  3.74890 -0.56794  3.44881 -0.85400  2.29000 -4.32312 11.52744
Eu       151.965       2.05
24.6274 2.3879 19.0886 0.1942 13.7603 13.7546 2.9227 123.174 2.5745 6.68
-6.04600  5.41300 -6.91886  4.72429 -8.37797  4.14566 -13.92931  3.65194 -9.99807  9.24434 -8.86996 11.28693 -0.53871  4.36269 -0.54969  3.99469 -0.57690  3.67593 -0.83900  2.44400 -5.56731 12.21413  4.14900 -7.71800
Eu2+     151.965       1.29
24.0063 2.27783 19.9504 0.17353 11.8034 11.6096 3.87243 26.5156 1.36389
-6.04600  5.41300 -6.91886  4.72429 -8.37797  4.14566 -13.92931  3.65194 -9.99807  9.24434 -8.86996 11.28693 -0.53871  4.36269 -0.54969  3.99469 -0.57690  3.67593 -0.83900  2.44400 -5.56731 12.21413
Eu3+     151.965       1.13
23.7497 2.22258 20.3745 0.16394 11.8509 11.311 3.26503 22.9966 0.759344
-6.04600  5.41300 -6.91886  4.72429 -8.37797  4.14566 -13.92931  3.65194 -9.99807  9.24434 -8.86996 11.28693 -0.53871  4.36269 -0.54969  3.99469 -0.57690  3.67593 -0.83900  2.44400 -5.56731 12.21413
Gd       157.25        1.80
25.0709 2.25341 19.0798 0.181951 13.8518 12.9331 3.54545 101.398 2.4196 9.5
-5.77600  5.77000 -6.49075  5.03828 -7.57569  4.42302 -9.79084  3.89837 -10.42025  9.89072 -9.35174 12.00435 -0.58981  4.63952 -0.58568  4.25013 -0.59981  3.91229 -0.83200  2.60500 -8.39129 12.89731  4.42700 -9.24200
Gd3+     157.25        1.11
24.3466 2.13553 20.4208 0.155525 11.8708 10.5782 3.7149 21.7029 0.645089
-5.77600  5.77000 -6.49075  5.03828 -7.57569  4.42302 -9.79084  3.89837 -10.42025  9.89072 -9.35174 12.00435 -0.58981  4.63952 -0.58568  4.25013 -0.59981  3.91229 -0.83200  2.60500 -8.39129 12.89731
Tb       158.92534     1.80
24.3736 2.46637 13.8649 0.47517 13.251 14.0424 3.24435 117.446 10.242 7.38
-5.51400  6.16000 -6.11587  5.37976 -6.98108  4.72323 -8.43907  4.16389 -14.51022  3.68430 -9.64905  9.24477 -0.63919  4.93351 -0.61977  4.52147 -0.62258  4.16355 -0.82400  2.77600 -8.97053 11.91955  4.72100 -9.49800
Tb3+     158.92534     1.09
24.9559 2.05601 20.3271 0.149525 12.2471 10.0499 3.773 21.2773 0.691967
-5.51400  6.16000 -6.11587  5.37976 -6.98108  4.72323 -8.43907  4.16389 -14.51022  3.68430 -9.64905  9.24477 -0.63919  4.93351 -0.61977  4.52147 -0.62258  4.16355 -0.82400  2.77600 -8.97053 11.91955
Dy       162.50        1.75
26.507 2.1802 17.6383 0.202172 14.5596 12.1899 2.96577 111.874 4.29728 16.9
-5.25500  6.54400 -5.77605  5.71777 -6.49765  5.02126 -7.59072  4.42774 -9.83588  3.91909 -10.27579  9.87042 -0.70215  5.23375 -0.66947  4.79835 -0.65795  4.42042 -0.82100  2.95100 -9.55887  9.11925  5.02600 -10.42300
Dy3+     162.50        1.07
25.5395 1.9804 20.2861 0.143384 11.9812 9.34972 4.50073 19.581 0.68969
-5.25500  6.54400 -5.77605  5.71777 -6.49765  5.02126 -7.59072  4.42774 -9.83588  3.91909 -10.27579  9.87042 -0.70215  5.23375 -0.66947  4.79835 -0.65795  4.42042 -0.82100  2.95100 -9.55887  9.11925
Ho       164.93032     1.70
26.9049 2.07051 17.294 0.19794 14.5583 11.4407 3.63837 92.6566 4.56796 8.5
-5.04400  6.95200 -5.50440  6.07617 -6.11689  5.33766 -6.98978  4.70799 -8.45725  4.16851 -14.88557  3.70831 -0.78658  5.54790 -0.73016  5.08855 -0.70683  4.68951 -0.82500  3.13500 -9.82691  9.69105  5.34300 -12.25500
Ho3+     164.93032     1.05
26.1296 1.91072 20.0994 0.139358 11.9788 8.80018 4.93676 18.5908 0.852795
-5.04400  6.95200 -5.50440  6.07617 -6.11689  5.33766 -6.98978  4.70799 -8.45725  4.16851 -14.88557  3.70831 -0.78658  5.54790 -0.73016  5.08855 -0.70683  4.68951 -0.82500  3.13500 -9.82691  9.69105
Er       167.26        1.70
27.6563 2.07356 16.4285 0.223545 14.9779 11.3604 2.98233 105.703 5.92046 8.03
-4.88200  7.37900 -5.28840  6.45166 -5.81468  5.66960 -6.53947  5.00193 -7.63403  4.42980 -9.86364  3.94188 -0.88451  5.87419 -0.80908  5.39027 -0.76503  4.96922 -0.83500  3.32800 -14.31958 10.45699  5.67500 -9.73300
Er3+     167.26        1.04
26.722 1.84659 19.7748 0.13729 12.1506 8.36225 5.17379 17.8974 1.17613
-4.88200  7.37900 -5.28840  6.45166 -5.81468  5.66960 -6.53947  5.00193 -7.63403  4.42980 -9.86364  3.94188 -0.88451  5.87419 -0.80908  5.39027 -0.76503  4.96922 -0.83500  3.32800 -14.31958 10.45699
Tm       168.93421     1.70
28.1819 2.02859 15.8851 0.238849 15.1542 10.9975 2.98706 102.961 6.75621 7.05
-4.75600  7.82500 -5.11132  6.84327 -5.57295  6.01594 -6.18648  5.30902 -7.05809  4.70296 -8.50701  4.18611 -1.00384  6.21347 -0.90238  5.70363 -0.83834  5.26044 -0.85200  3.52900 -10.38509  3.90490  6.02200 -8.48800
Tm3+     168.93421     1.04
27.3083 1.78711 19.332 0.136974 12.3339 7.96778 5.38348 17.2922 1.63929
-4.75600  7.82500 -5.11132  6.84327 -5.57295  6.01594 -6.18648  5.30902 -7.05809  4.70296 -8.50701  4.18611 -1.00384  6.21347 -0.90238  5.70363 -0.83834  5.26044 -0.85200  3.52900 -10.38509  3.90490
Yb       173.04        1.90
28.6641 1.9889 15.4345 0.257119 15.3087 10.6647 2.98963 100.417 7.56672 12.4
-4.65400  8.28200 -4.96331  7.24518 -5.37185  6.37108 -5.90046  5.62441 -6.62416  4.98361 -7.70378  4.43705 -1.14462  6.56389 -1.01362  6.02745 -0.93043  5.56112 -0.87800  3.73700 -8.78662  4.13972  6.36100  6.37800
Yb2+     173.04        1.00
28.1209 1.78503 17.6817 0.15997 13.3335 8.18304 5.14657 20.39 3.70983
-4.65400  8.28200 -4.96331  7.24518 -5.37185  6.37108 -5.90046  5.62441 -6.62416  4.98361 -7.70378  4.43705 -1.14462  6.56389 -1.01362  6.02745 -0.93043  5.56112 -0.87800  3.73700 -8.78662  4.13972
Yb3+     173.04        1.00
27.8917 1.73272 18.7614 0.13879 12.6072 7.64412 5.47647 16.8153 2.26001
-4.65400  8.28200 -4.96331  7.24518 -5.37185  6.37108 -5.90046  5.62441 -6.62416  4.98361 -7.70378  4.43705 -1.14462  6.56389 -1.01362  6.02745 -0.93043  5.56112 -0.87800  3.73700 -8.78662  4.13972
Lu       174.967       1.70
28.9476 1.90182 15.2208 9.98519 15.1 0.261033 3.71601 84.3298 7.97628 7.3
-4.58100  8.75000 -4.84325  7.65783 -5.20047  6.73693 -5.66325  5.95026 -6.27546  5.27455 -7.13280  4.69786 -1.31105  6.92413 -1.14568  6.36082 -1.03660  5.87089 -0.91200  3.95300 -7.89596  4.38404  6.74500 -7.13300
Lu3+     174.967       0.99
28.4628 1.68216 18.121 0.142292 12.8429 7.33727 5.59415 16.3535 2.97573
-4.58100  8.75000 -4.84325  7.65783 -5.20047  6.73693 -5.66325  5.95026 -6.27546  5.27455 -7.13280  4.69786 -1.31105  6.92413 -1.14568  6.36082 -1.03660  5.87089 -0.91200  3.95300 -7.89596  4.38404
Hf       178.49        1.60
29.144 1.83262 15.1726 9.5999 14.7586 0.275116 4.30013 72.029 8.58154 7.77
-4.58900  9.26800 -4.79462  8.11308 -5.09569  7.13896 -5.49510  6.30682 -6.01394  5.59227 -6.71509  4.98191 -1.51212  7.30549 -1.30566  6.71345 -1.16585  6.19837 -0.95600  4.18000 -7.29664  4.64975  7.14800 -6.71500
Hf4+     178.49        0.86
28.8131 1.59136 18.4601 0.128903 12.7285 6.76232 5.59927 14.0366 2.39699
-4.58900  9.26800 -4.79462  8.11308 -5.09569  7.13896 -5.49510  6.30682 -6.01394  5.59227 -6.71509  4.98191 -1.51212  7.30549 -1.30566  6.71345 -1.16585  6.19837 -0.95600  4.18000 -7.29664  4.64975
Ta       180.9479      1.55
29.2024 1.77333 15.2293 9.37046 14.5135 0.295977 4.76492 63.3644 9.24354 6.91
-4.53700  9.80300 -4.69555  8.58307 -4.95438  7.55443 -5.30513  6.67559 -5.76044  5.92099 -6.35181  5.27621 -1.73502  7.69885 -1.48204  7.07751 -1.30796  6.53673 -1.00700  4.41600 -6.82233  4.92516  7.56500 -6.35100
Ta5+     180.9479      0.73
29.1587 1.50711 18.8407 0.116741 12.8268 6.31524 5.38695 12.4244 1.78555
-4.53700  9.80300 -4.69555  8.58307 -4.95438  7.55443 -5.30513  6.67559 -5.76044  5.92099 -6.35181  5.27621 -1.73502  7.69885 -1.48204  7.07751 -1.30796  6.53673 -1.00700  4.41600 -6.82233  4.92516
W        183.85        1.50
29.0818 1.72029 15.43 9.2259 14.4327 0.321703 5.11982 57.056 9.8875 4.77
-4.49300 10.35500 -4.60922  9.07040 -4.82876  7.98551 -5.13708  7.05843 -5.53849  6.26228 -6.05082  5.58204 -1.99284  8.10579 -1.68515  7.45429 -1.47142  6.88703 -1.06400  4.66000 -6.44454  5.21148  7.99600 -6.04800
W 6+      183.85       0.65
29.4936 1.42755 19.3763 0.104621 13.0544 5.93667 5.06412 11.1972 1.01074
-4.49300 10.35500 -4.60922  9.07040 -4.82876  7.98551 -5.13708  7.05843 -5.53849  6.26228 -6.05082  5.58204 -1.99284  8.10579 -1.68515  7.45429 -1.47142  6.88703 -1.06400  4.66000 -6.44454  5.21148
Re       186.207       1.35
28.7621 1.67191 15.7189 9.09227 14.5564 0.3505 5.44174 52.0861 10.472 9.2
-4.48700 10.92100 -4.55719  9.57000 -4.73642  8.42805 -5.00430  7.45195 -5.35845  6.61347 -5.80750  5.89693 -2.29492  8.52353 -1.92199  7.84150 -1.66211  7.24732 -1.13400  4.91300 -6.14486  5.50654  8.43900 -5.79000
Os       190.2         1.35
28.1894 1.62903 16.155 8.97948 14.9305 0.382661 5.67589 48.1647 11.0005 11.0
-4.52000 11.51200 -4.52760 10.09199 -4.66253  8.89090 -4.89170  7.86347 -5.20365  6.98071 -5.59971  6.22617 -2.65110  8.95568 -2.19650  8.24289 -1.88154  7.62103 -1.21400  5.17500 -5.89393  5.81503  8.90300 -5.58100
Os4+     190.2         0.88
30.419 1.37113 15.2637 6.84706 14.7458 0.165191 5.06795 18.003 6.49804
-4.52000 11.51200 -4.52760 10.09199 -4.66253  8.89090 -4.89170  7.86347 -5.20365  6.98071 -5.59971  6.22617 -2.65110  8.95568 -2.19650  8.24289 -1.88154  7.62103 -1.21400  5.17500 -5.89393  5.81503
Ir       192.22        1.35
27.3049 1.59279 16.7296 8.86553 15.6115 0.417916 5.83377 45.0011 11.4722 10.6
-4.54900 12.13000 -4.49849 10.64026 -4.59283  9.37684 -4.78538  8.29526 -5.05962  7.36584 -5.41111  6.57131 -3.06314  9.40382 -2.51432  8.65897 -2.13206  8.00847 -1.30700  5.44700 -5.67052  6.13833  9.38900 -5.39100
Ir3+     192.22        1.66
30.4156 1.34323 15.862 7.10909 13.6145 0.204633 5.82008 20.3254 8.27903
-4.54900 12.13000 -4.49849 10.64026 -4.59283  9.37684 -4.78538  8.29526 -5.05962  7.36584 -5.41111  6.57131 -3.06314  9.40382 -2.51432  8.65897 -2.13206  8.00847 -1.30700  5.44700 -5.67052  6.13833
Ir4+     192.22        1.66
30.7058 1.30923 15.5512 6.71983 14.2326 0.167252 5.53672 17.4911 6.96824
-4.54900 12.13000 -4.49849 10.64026 -4.59283  9.37684 -4.78538  8.29526 -5.05962  7.36584 -5.41111  6.57131 -3.06314  9.40382 -2.51432  8.65897 -2.13206  8.00847 -1.30700  5.44700 -5.67052  6.13833
Pt       195.08        1.50
27.0059 1.51293 17.7639 8.81174 15.7131 0.424593 5.7837 38.6103 11.6883 9.63
-4.60400 12.77600 -4.51222 11.21051 -4.55172  9.88323 -4.70433  8.74556 -4.94263  7.76741 -5.25457  6.93111 -3.56053  9.86523 -2.88709  9.08764 -2.42462  8.40886 -1.41300  5.73000 -5.48492  6.47532  9.89500 -5.23300
Pt2+     195.08        1.06
29.8429 1.32927 16.7224 7.38979 13.2153 0.263297 6.35234 22.9426 9.85329
-4.60400 12.77600 -4.51222 11.21051 -4.55172  9.88323 -4.70433  8.74556 -4.94263  7.76741 -5.25457  6.93111 -3.56053  9.86523 -2.88709  9.08764 -2.42462  8.40886 -1.41300  5.73000 -5.48492  6.47532
Pt4+     195.08        0.92
30.9612 1.24813 15.9829 6.60834 13.7348 0.16864 5.92034 16.9392 7.39534
-4.60400 12.77600 -4.51222 11.21051 -4.55172  9.88323 -4.70433  8.74556 -4.94263  7.76741 -5.25457  6.93111 -3.56053  9.86523 -2.88709  9.08764 -2.42462  8.40886 -1.41300  5.73000 -5.48492  6.47532
Au       196.96654     1.50
16.8819 0.4611 18.5913 8.6216 25.5582 1.4826 5.86 36.3956 12.0658 7.63
-4.67900 13.43900 -4.52159 11.79702 -4.51349 10.40533 -4.62330  9.21044 -4.82644  8.18223 -5.10205  7.30299 -4.15243 10.34154 -3.31000  9.52930 -2.74986  8.82043 -1.51900  6.02100 -5.30706  6.82374 10.41800 -5.09600
Au+      196.96654     1.37
28.0109 1.35321 17.8204 7.7395 14.3359 0.356752 6.58077 26.4043 11.2299
-4.67900 13.43900 -4.52159 11.79702 -4.51349 10.40533 -4.62330  9.21044 -4.82644  8.18223 -5.10205  7.30299 -4.15243 10.34154 -3.31000  9.52930 -2.74986  8.82043 -1.51900  6.02100 -5.30706  6.82374
Au3+     196.96654     0.85
30.6886 1.2199 16.9029 6.82872 12.7801 0.212867 6.52354 18.659 9.0968
-4.67900 13.43900 -4.52159 11.79702 -4.51349 10.40533 -4.62330  9.21044 -4.82644  8.18223 -5.10205  7.30299 -4.15243 10.34154 -3.31000  9.52930 -2.74986  8.82043 -1.51900  6.02100 -5.30706  6.82374
Hg       200.59        1.55
20.6809 0.545 19.0417 8.4484 21.6575 1.5729 5.9676 38.3246 12.6089 12.66
-4.81000 14.12900 -4.58376 12.40860 -4.53456 10.94900 -4.59601  9.69589 -4.75652  8.61610 -4.99609  7.69223 -4.93760 10.83308 -3.84455  9.98590 -3.15234  9.24647 -1.65900  6.32300 -5.17741  7.18858 10.96300 -4.99000
Hg+      200.59        1.27
25.0853 1.39507 18.4973 7.65105 16.8883 0.443378 6.48216 28.2262 12.0205
-4.81000 14.12900 -4.58376 12.40860 -4.53456 10.94900 -4.59601  9.69589 -4.75652  8.61610 -4.99609  7.69223 -4.93760 10.83308 -3.84455  9.98590 -3.15234  9.24647 -1.65900  6.32300 -5.17741  7.18858
Hg2+     200.59        1.12
29.5641 1.21152 18.06 7.05639 12.8374 0.284738 6.89912 20.7482 10.6268
-4.81000 14.12900 -4.58376 12.40860 -4.53456 10.94900 -4.59601  9.69589 -4.75652  8.61610 -4.99609  7.69223 -4.93760 10.83308 -3.84455  9.98590 -3.15234  9.24647 -1.65900  6.32300 -5.17741  7.18858
Tl       204.3833      1.70
27.5446 0.65515 19.1584 8.70751 15.538 1.96347 5.52593 45.8149 13.1746 8.785
-4.95200 14.84700 -4.65875 13.04445 -4.54252 11.51311 -4.56300 10.19942 -4.68484  9.06630 -4.88855  8.09590 -6.08163 11.33694 -4.50634 10.45794 -3.62712  9.68623 -1.81500  6.63400 -5.04868  7.56682 11.52800 -4.88300
Tl+      204.3833      1.49
21.3985 1.4711 20.4723 0.517394 18.7478 7.43463 6.82847 28.8482 12.5258
-4.95200 14.84700 -4.65875 13.04445 -4.54252 11.51311 -4.56300 10.19942 -4.68484  9.06630 -4.88855  8.09590 -6.08163 11.33694 -4.50634 10.45794 -3.62712  9.68623 -1.81500  6.63400 -5.04868  7.56682
Tl3+     204.3833      1.05
30.8695 1.1008 18.3841 6.53852 11.9328 0.219074 7.00574 17.2114 9.8027
-4.95200 14.84700 -4.65875 13.04445 -4.54252 11.51311 -4.56300 10.19942 -4.68484  9.06630 -4.88855  8.09590 -6.08163 11.33694 -4.50634 10.45794 -3.62712  9.68623 -1.81500  6.63400 -5.04868  7.56682
Pb       207.2         1.50
31.0617 0.6902 13.0637 2.3576 18.442 8.618 5.9696 47.2579 13.4118 9.4003
-5.16300 15.58200 -4.78309 13.69464 -4.60521 12.09258 -4.58145 10.71669 -4.66095  9.52982 -4.82578  8.51254 -7.95756 10.25281 -5.39792 10.94024 -4.21280 10.13665 -1.99600  6.95500 -4.96296  7.95752 12.10800 -4.81800
Pb2+     207.2         1.32
21.7886 1.3366 19.5682 0.488383 19.1406 6.7727 7.01107 23.8132 12.4734
-5.16300 15.58200 -4.78309 13.69464 -4.60521 12.09258 -4.58145 10.71669 -4.66095  9.52982 -4.82578  8.51254 -7.95756 10.25281 -5.39792 10.94024 -4.21280 10.13665 -1.99600  6.95500 -4.96296  7.95752
Pb4+     207.2         0.84
32.1244 1.00566 18.8003 6.10926 12.0175 0.147041 6.96886 14.714 8.08428
-5.16300 15.58200 -4.78309 13.69464 -4.60521 12.09258 -4.58145 10.71669 -4.66095  9.52982 -4.82578  8.51254 -7.95756 10.25281 -5.39792 10.94024 -4.21280 10.13665 -1.99600  6.95500 -4.96296  7.95752
Bi       208.98037     1.50
33.3689 0.704 12.951 2.9238 16.5877 8.7937 6.4692 48.0093 13.5782 8.5256
-5.41800 16.33000 -4.94266 14.35679 -4.69613 12.68315 -4.61978 11.24383 -4.65675 10.00277 -4.78613  8.93800 -9.71771 10.75900 -6.83063 11.42666 -4.95877 10.59883 -2.20400  7.28500 -4.90180  8.35678 12.70000 -4.77600
Bi3+     208.98037     1.20
21.8053 1.2356 19.5026 6.24149 19.1053 0.469999 7.10295 20.3185 12.4711
-5.41800 16.33000 -4.94266 14.35679 -4.69613 12.68315 -4.61978 11.24383 -4.65675 10.00277 -4.78613  8.93800 -9.71771 10.75900 -6.83063 11.42666 -4.95877 10.59883 -2.20400  7.28500 -4.90180  8.35678
Bi5+     208.98037     0.74
33.5364 0.91654 25.0946 0.039042 19.2497 5.71414 6.91555 12.8285 -6.7994
-5.41800 16.33000 -4.94266 14.35679 -4.69613 12.68315 -4.61978 11.24383 -4.65675 10.00277 -4.78613  8.93800 -9.71771 10.75900 -6.83063 11.42666 -4.95877 10.59883 -2.20400  7.28500 -4.90180  8.35678
Po       209.0         2.00
34.6726 0.700999 15.4733 3.55078 13.1138 9.55642 7.02588 47.0045 13.677
-5.75100 17.12800 -5.14819 15.06481 -4.82916 13.31265 -4.68578 11.80616 -4.67932 10.50616 -4.76655  9.39072 -8.07399  8.04540 -8.01195 10.34690 -6.04142 11.07566 -2.44300  7.62800 -4.86003  8.78149 13.33100 -4.75600
At       210.0         1.50
35.3163 0.68587 19.0211 3.97458 9.49887 11.3824 7.42518 45.4715 13.7108
-6.15100 17.93100 -5.40736 15.78156 -5.00060 13.95039 -4.79244 12.37682 -4.73571 11.01740 -4.78212  9.85124 -7.83232  8.44105 -8.88503  7.71458 -8.21660 10.00001 -2.72200  7.98000 -4.85382  9.21378 13.96900 -4.77200
Rn       222.0         2.30
35.5631 0.6631 21.2816 4.0691 8.0037 14.0422 7.4433 44.2473 13.6905
-6.56200 18.76400 -5.68919 16.52237 -5.17709 14.61020 -4.90614 12.96595 -4.79216 11.54534 -4.79961 10.32606 -8.10255  8.84714 -7.84069  8.08809 -9.24836 10.47419 -3.03200  8.33900 -4.84708  9.65969 14.62900 -4.78700
Fr       223.0         2.70
35.9299 0.646453 23.0547 4.17619 12.1439 23.1052 2.11253 150.645 13.7247
-7.07000 19.60100 -6.03531 17.27146 -5.40311 15.28104 -5.05453 13.56594 -4.88236 12.08450 -4.84438 10.81186 -8.81984  9.26449 -7.79362  8.47232 -8.08484  7.78620 -3.39100  8.70900 -4.86931 10.11626 15.29900 -4.83300
Ra       226.0         2.20
35.763 0.616341 22.9064 3.87135 12.4739 19.9887 3.21097 142.325 13.6211 10.0
-7.63200 20.44900 -6.40484 18.02850 -5.66422 15.95973 -5.22608 14.17418 -4.99730 12.63142 -4.90943 11.30544 -10.39656  9.66779 -8.14399  8.86255 -7.70392  8.14745 -3.81600  9.08400 -4.91045 10.58042 15.97700 -4.89800
Ra2+     226.0         1.42
35.215 0.604909 21.67 3.5767 7.91342 12.601 7.65078 29.8436 13.5431
-7.63200 20.44900 -6.40484 18.02850 -5.66422 15.95973 -5.22608 14.17418 -4.99730 12.63142 -4.90943 11.30544 -10.39656  9.66779 -8.14399  8.86255 -7.70392  8.14745 -3.81600  9.08400 -4.91045 10.58042
Ac       227.0         1.90
35.6597 0.589092 23.1032 3.65155 12.5977 18.599 4.08655 117.02 13.5266
-8.33400 21.31300 -6.86840 18.79820 -5.98765 16.65045 -5.44558 14.79438 -5.14692 13.18857 -5.00616 11.80847 -12.91240  4.07965 -8.95532  9.26639 -7.82367  8.52292 -4.31600  9.47000 -4.98021 11.05339 16.66800 -4.99400
Ac3+     227.0         1.18
35.1736 0.579689 22.1112 3.41437 8.19216 12.9187 7.05545 25.9443 13.4637
-8.33400 21.31300 -6.86840 18.79820 -5.98765 16.65045 -5.44558 14.79438 -5.14692 13.18857 -5.00616 11.80847 -12.91240  4.07965 -8.95532  9.26639 -7.82367  8.52292 -4.31600  9.47000 -4.98021 11.05339
Th       232.0381      1.75
35.5645 0.563359 23.4219 3.46204 12.7473 17.8309 4.80703 99.1722 13.4314 9.84
-9.16900 22.22700 -7.36601 19.61246 -6.32053 17.37973 -5.67785 15.44944 -5.29859 13.77688 -5.10446 12.33932 -9.85254  4.27453 -10.60253  9.65922 -8.25956  8.91113 -4.92400  9.86600 -5.04889 11.55245 17.39700 -5.09100
Th4+     232.0381      1.02
35.1007 0.555054 22.4418 3.24498 9.78554 13.4661 5.29444 23.9533 13.376
-9.16900 22.22700 -7.36601 19.61246 -6.32053 17.37973 -5.67785 15.44944 -5.29859 13.77688 -5.10446 12.33932 -9.85254  4.27453 -10.60253  9.65922 -8.25956  8.91113 -4.92400  9.86600 -5.04889 11.55245
Pa       231.03588     1.85
35.8847 0.547751 23.2948 3.41519 14.1891 16.9235 4.17287 105.251 13.4287 9.1
-10.41600 23.15600 -7.93779 20.44240 -6.70753 18.12156 -5.94251 16.11527 -5.48184 14.37509 -5.22960 12.87828 -8.84170  4.47148 -12.63274  4.11493 -9.14855  9.30591 -5.73000 10.27400 -5.14540 12.05913 18.14000 -5.21600
U        238.0289      1.55
36.0228 0.5293 23.4128 3.3253 14.9491 16.0927 4.188 100.613 13.3966 8.417
-10.97600 23.11600 -8.60953 21.26638 -7.13743 18.85985 -6.24469 16.78002 -5.68930 14.97455 -5.37339 13.41966 -8.23989  4.67256 -9.90909  4.30095 -10.95911  9.68949 -6.95200 10.67900 -5.25922 12.56864 18.87900 -5.35900
U 3+      238.0289     0.97
35.5747 0.52048 22.5259 3.12293 12.2165 12.7148 5.37073 26.3394 13.3092
-10.97600 23.11600 -8.60953 21.26638 -7.13743 18.85985 -6.24469 16.78002 -5.68930 14.97455 -5.37339 13.41966 -8.23989  4.67256 -9.90909  4.30095 -10.95911  9.68949 -6.95200 10.67900 -5.25922 12.56864
U 4+      238.0289     0.97
35.3715 0.516598 22.5326 3.05053 12.0291 12.5723 4.7984 23.4582 13.2671
-10.97600 23.11600 -8.60953 21.26638 -7.13743 18.85985 -6.24469 16.78002 -5.68930 14.97455 -5.37339 13.41966 -8.23989  4.67256 -9.90909  4.30095 -10.95911  9.68949 -6.95200 10.67900 -5.25922 12.56864
U 6+      238.0289     0.80
34.8509 0.507079 22.7584 2.8903 14.0099 13.1767 1.21457 25.2017 13.1665
-10.97600 23.11600 -8.60953 21.26638 -7.13743 18.85985 -6.24469 16.78002 -5.68930 14.97455 -5.37339 13.41966 -8.23989  4.67256 -9.90909  4.30095 -10.95911  9.68949 -6.95200 10.67900 -5.25922 12.56864
Np       237.0         1.50
36.1874 0.511929 23.5964 3.25396 15.6402 15.3622 4.1855 97.4908 13.3573 10.55
-12.21300 24.09000 -9.46574 22.11719 -7.63426 19.62414 -6.58936 17.46660 -5.93448 15.59289 -5.54312 13.97829 -7.81901  4.87977 -8.92727  4.49270 -12.14043  4.15618 -8.16700  9.62000 -5.39515 13.09412 19.64200 -5.52900
Np3+     237.0         1.10
35.7074 0.502322 22.613 3.03807 12.9898 12.1449 5.43227 25.4928 13.2544
-12.21300 24.09000 -9.46574 22.11719 -7.63426 19.62414 -6.58936 17.46660 -5.93448 15.59289 -5.54312 13.97829 -7.81901  4.87977 -8.92727  4.49270 -12.14043  4.15618 -8.16700  9.62000 -5.39515 13.09412
Np4+     237.0         0.95
35.5103 0.498626 22.5787 2.96627 12.7766 11.9484 4.92159 22.7502 13.2116
-12.21300 24.09000 -9.46574 22.11719 -7.63426 19.62414 -6.58936 17.46660 -5.93448 15.59289 -5.54312 13.97829 -7.81901  4.87977 -8.92727  4.49270 -12.14043  4.15618 -8.16700  9.62000 -5.39515 13.09412
Np6+     237.0         0.95
35.0136 0.48981 22.7286 2.81099 14.3884 12.33 1.75669 22.6581 13.113
-12.21300 24.09000 -9.46574 22.11719 -7.63426 19.62414 -6.58936 17.46660 -5.93448 15.59289 -5.54312 13.97829 -7.81901  4.87977 -8.92727  4.49270 -12.14043  4.15618 -8.16700  9.62000 -5.39515 13.09412
Pu       244.0         1.50
36.5254 0.499384 23.8083 3.26371 16.7707 14.9455 3.47947 105.98 13.3812 14.1
-12.49500 23.25200 -10.23453 22.65659 -8.02601 20.13197 -6.88013 17.93816 -6.16127 16.03127 -5.72331 14.38519 -7.63646  5.05859 -8.54428  4.65955 -10.37856  4.31244 -10.13400  6.96900 -5.55211 13.48270 20.42500 -5.71200
Pu3+     244.0         1.08
35.84 0.484936 22.7169 2.96118 13.5807 11.5331 5.66016 24.3992 13.1991
-12.49500 23.25200 -10.23453 22.65659 -8.02601 20.13197 -6.88013 17.93816 -6.16127 16.03127 -5.72331 14.38519 -7.63646  5.05859 -8.54428  4.65955 -10.37856  4.31244 -10.13400  6.96900 -5.55211 13.48270
Pu4+     244.0         0.93
35.6493 0.481422 22.646 2.8902 13.3595 11.316 5.18831 21.8301 13.1555
-12.49500 23.25200 -10.23453 22.65659 -8.02601 20.13197 -6.88013 17.93816 -6.16127 16.03127 -5.72331 14.38519 -7.63646  5.05859 -8.54428  4.65955 -10.37856  4.31244 -10.13400  6.96900 -5.55211 13.48270
Pu6+     244.0         0.93
35.1736 0.473204 22.7181 2.73848 14.7635 11.553 2.28678 20.9303 13.0582
-12.49500 23.25200 -10.23453 22.65659 -8.02601 20.13197 -6.88013 17.93816 -6.16127 16.03127 -5.72331 14.38519 -7.63646  5.05859 -8.54428  4.65955 -10.37856  4.31244 -10.13400  6.96900 -5.55211 13.48270
Am       243.0         1.50
36.6706 0.483629 24.0992 3.20647 17.3415 14.3136 3.49331 102.273 13.3592 8.3
-12.80300 24.60000 -11.00182 22.89104 -8.87181 21.15383 -7.38535 18.84078 -6.49667 16.83337 -5.94759 15.10089 -7.27457  5.30131 -7.94716  4.88309 -8.98113  4.51936 -7.83600  7.33100 -5.72263 14.15109 21.17300 -5.93000
Cm       247.0         1.50
36.6488 0.465154 24.4096 3.08997 17.399 13.4346 4.21665 88.4834 13.2887 9.5
-13.54100 25.53500 -13.23436 23.71888 -9.73091 21.87960 -7.86358 19.50293 -6.83625 17.43488 -6.19421 15.64879 -7.09619  5.51594 -7.66155  5.08212 -8.45477  4.70480 -7.49100  7.62600 -5.92986 14.66885 21.89600 -6.17600
Bk       247.0         1.50
36.7881 0.451018 24.7736 3.04619 17.8919 12.8946 4.23284 86.003 13.2754
-14.83700 26.79200 -12.12984 23.42882 -10.56466 21.93079 -8.57114 20.35215 -7.29017 18.19355 -6.51334 16.33148 -6.92219  5.76138 -7.39905  5.30869 -8.02207  4.91509 -7.59100  7.97200 -6.18838 15.30935 21.94200 -6.49800
Cf       251.0         1.50
36.9185 0.437533 25.1995 3.00775 18.3317 12.4044 4.24391 83.7881 13.2674
-15.50400 27.42300 -12.41101 24.01835 -11.05187 22.45200 -9.03932 20.83569 -7.60135 18.64646 -6.75853 16.75406 -6.87963  5.95500 -7.31465  5.48978 -7.86604  5.08504 -7.70300  8.21500 -6.40152 15.71469 22.78500 -6.79800
Es


Fm


Md


No


Lr


Ku
