         Cr      Mn      Fe      Co      Ni      Cu    Zr  Nb     Mo      Ag    W
1       0.091   0.085   0.081   0.078   0.075   0.073  0   0     0.064   0.062  0
2       0.540   0.448   0.378   0.326   0.286   0.255  0   0     0.138   0.129  0
3       2.26    1.79    1.44    1.18    0.980   0.825  0   0     0.250   0.215  0
4       6.73    5.28    4.18    3.36    2.73    2.24   0   0     0.446   0.343  0
5      13.3    10.3     8.16    6.52    5.26    4.29   0   0     0.704   0.501  0
6      29.0    22.5    17.7    14.1    11.3     9.17   0   0     1.25    0.798  0
7      55.7    43.3    34.0    27.0    21.6    17.5    0   0     2.13    1.26   0
8      97.2    75.6    59.4    47.2    37.8    30.5    0   0     3.49    1.97   0
9     165     129     101      80.2    64.2    51.8    0   0     5.68    3.08   0
10    244     190     150     119      95.0    76.7    0   0     8.28    4.40   0
11    364     284     224     178     142     115      0   0    12.2     6.39   0        
12    489     383     302     240     193     156      0   0    16.6     8.57   0
13    680     533     421     335     269     218      0   0    23.1    11.9    0
14    879     690     545     435     349     283      0   0    30.0    15.3    0
15   1180     924     732     585     470     381      0   0    40.6    20.6    0
16   1450    1140     907     725     585     474      0   0    50.8    25.8    0
17   1870    1480    1180     946     764     621      0   0    67.1    34.0    0
18   2430    1930    1540    1240    1000     817      0   0    89.3    45.2    0
19   2700    2160    1730    1400    1130     925      0   0   102      51.9    0
20   3080    2470    1990    1610    1320    1080      0   0   122      61.7    0
21   3830    3090    2510    2040    1670    1370      0   0   157      79.8    0
22   4540    3680    3000    2450    2010    1650      0   0   192      97.8    0
23    578    4340    3540    2910    2390    1970      0   0   233     118      0
24    689     538    4000    3290    2710    2240      0   0   268     137      0
25    848     662     522    3770    3130    2600      0   0   316     162      0
26   1000     781     616     490    3430    2860      0   0   357     183      0
27   1220     953     752     598     480    3240      0   0   416     214      0
28   1400    1090     863     687     551     445      0   0   454     234      0
29   1750    1370    1080     861     691     558      0   0   537     278      0
30   2050    1610    1270    1010     810     655      0   0   602     313      0
31   2450    1920    1520    1210     971     785      0   0   695     363      0
32   2830    2220    1760    1400    1130     911      0   0   781     411      0
33   3210    2520    1990    1590    1280    1040      0   0   867     458      0
34   3690    2900    2300    1840    1480    1200      0   0   980     521      0
35   4040    3180    2530    2020    1630    1320      0   0  1060     567      0
36   4560    3600    2860    2290    1850    1500      0   0  1180     637      0
37   4980    3940    3140    2520    2030    1650      0   0  1280     694      0
38   5430    4310    3440    2770    2240    1820      0   0  1380     757      0
39   5850    4650    3720    3000    2430    1980      0   0  1480     816      0
40   6340    5060    4060    3280    2660    2170      0   0   241     885      0
41   6800    5440    4380    3540    2880    2360      0   0   264     951      0
42   7370    5920    4780    3870    3160    2590      0   0   293    1030      0
43   7970    6420    5190    4220    3450    2830      0   0   324    1120      0
44   8550    6910    5610    4570    3740    3070      0   0   354     180      0
45   9120    7400    6020    4910    4030    3320      0   0   386     196      0
46   9880    8040    6560    5370    4410    3640      0   0   426     217      0
47  10500    8560    7000    5740    4720    3900      0   0   461     235      0
48  11400    9370    7680    6310    5200    4300      0   0   513     261      0
49  12200   10000    8230    6780    5600    4640      0   0   558     284      0
50  13100   10800    8890    7350    6080    5050      0   0   613     313      0
51  13900   11500    9540    7900    6550    5450      0   0   668     342      0
52  15000   12500   10400    8620    7170    5980      0   0   742     380      0
53  15200   12800   10700    8900    7420    6200      0   0   781     400      0
54  16600   13500   11400    9510    7970    6680      0   0   853     438      0
55  17500   13900   11800    9930    8350    7020      0   0   912     469      0
56  10500   15400   12500   10500    8910    7510      0   0   993     512      0
57   4660    9090   12900   10900    9280    7860      0   0  1060     546      0
58   5100    9720   14000   11300    9640    8190      0   0  1120     581      0
59   5520    4390    8400   11600    9960    8500      0   0  1190     616      0
60   6040    4810    9080   13000   10500    8970      0   0  1280     663      0
61   6460    5150    4130    7870   10800    9280      0   0  1350     701      0
62   7090    5670    4550    8600   12200    9900      0   0  1460     764      0
63   7550    6040    4870    3940    7530   10700      0   0  1550     812      0
64   8210    6590    5310    4300    8170   11500      0   0  1680     882      0
65   8690    6980    5640    4580    3730    7200      0   0  1780     935      0
66   9280    7470    6040    4910    4010    7700      0   0  1910    1000      0
67   9820    7920    6420    5220    4270    3510      0   0  2020    1070      0
68  10400    8370    6790    5530    4530    3720      0   0  2150    1130      0
69  10900    8800    7150    5830    4780    3930      0   0  2270    1200      0
70  11500    9360    7620    6230    5110    4210      0   0  2430    1290      0
71  12100    9820    8010    6550    5380    4440      0   0  2560    1360      0
72  12700   10400    8480    6950    5710    4720      0   0  2720    1450      0
73  13300   10900    8920    7320    6020    4980      0   0  2870    1530      0
74  14000   11500    9390    7720    6360    5260      0   0  3030    1620      0
75  14600   12000    9850    8110    6690    5540      0   0  3180    1710      0
76  15400   12700   10400    8580    7090    5870      0   0  3360    1810      0
77  16000   13200   10900    8980    7430    6160      0   0  3500    1890      0
78  16700   13800   11400    9440    7820    6490      0   0  3660    1990      0
79  17400   14400   11900    9870    8180    6800      0   0  3770    2060      0
80  18200   15100   12500   10400    8630    7180      0   0  3900    2150      0
81  19100   15900   13200   11000    9110    7590      0   0  4030    2250      0
82  19900   16600   13800   11500    9560    7970      0   0  4120    2330      0
83  20700   17300   14400   12000    9980    8330      0   0  4160    2400      0
84  19900   19300   15700   12900   10600    8810      0   0  4580    2510      0
85  23700   19100   15400   12600   10400    8650      0   0  4070    2620      0
86  27000   21600   17500   14300   11700    9720      0   0  3980    2730      0
87  28200   22300   18200   14900   12300   10200      0   0  3220    2850      0
88  27900   22500   18300   14900   12300   10200      0   0  3300    2980      0
89  27900   23700   20000   17400   16700   14300      0   0  5400    3110      0
90  29600   24000   19600   17200   14200   11800      0   0  3700    3230      0
91  28800   23100   18800   15300   12700   10600      0   0  3870    3420      0
92  30300   24300   19700   16100   13300   11200      0   0  4030    3500      0
93  31400   25300   21700   16900   14000   12300      0   0  2570    2990      0
94  30800   24800   20200   16500   13600   11300      0   0  1620    2270      0
95  34900   27800   24300   18100   14800   14400      0   0  1890    2500      0
96  33300   26800   24200   17900   14700   13800      0   0  2010    2460      0

Total photon interaction cross section
ab 84 (Po) sind die neuen Daten aus den IT eingetragen. Die alten Daten 
wurden von Izumi Åbernommen und sind bisher nicht mit den Daten der IT
korrigiert worden.