 1   16
 2  153
 3  189
 4  249
 5  219
 6  157
 7  221
 8  221
 9  217
10  189
11  253
12  223
13  253
14  249
15  219
16  189
17  253
18  189
19  249
20  251
21  255
22  219
23  219
24  219
25  189
26  237
27  253
28  237
29  237
30  237
31  253
32  253
33  233
34  253
35  255
36  251
37  251
38  239
39  239
40  235
41  235
42  219
43  217
44  219
45  219
46  203
47  189
48  253
49  253
50  189
51  237
52  169
53  173
54  237
55  189
56  249
57  173
58  249
59  253
60  169
61  249
62  169
63  251
64  235
65  255
66  251
67  255
68  251
69  219
70  217
71  219
72  219
73  219
74  219
75  157
76  249
77  221
78  249
79  217
80  219
81  189
82  219
83  189
84  253
85  253
86  253
87  219
88  217
89  189
90  253
91  237
92  249
93  253
94  253
95  237
96  249
97  219
98  219
99  189
100  253
101  253
102  253
103  253
104  249
105  253
106  249
107  219
108  219
109  217
110  217
111  253
112  253
113  253
114  249
115  253
116  253
117  253
118  253
119  219
120  219
121  219
122  217
123  189
124  237
125  237
126  249
127  237
128  233
129  237
130  233
131  253
132  237
133  233
134  253
135  233
136  233
137  233
138  233
139  219
140  219
141  217
142  217
143  189
144  249
145  249
146  219
147  189
148  223
149  221
150  253
151  221
152  253
153  221
154  253
155  223
156  253
157  221
158  253
159  221
160  223
161  223
162  221
163  221
164  253
165  253
166  223
167  219
168  157
169  217
170  217
171  217
172  217
173  221
174  153
175  157
176  217
177  157
178  201
179  201
180  205
181  205
182  221
183  157
184  217
185  221
186  221
187  221
188  221
189  221
190  221
191  141
192  201
193  205
194  205
195  189
196  219
197  219
198  185
199  219
200  189
201  189
202  219
203  217
204  219
205  169
206  219
207  189
208  189
209  219
210  219
211  219
212  169
213  169
214  217
215  189
216  219
217  217
218  157
219  217
220  217
221  173
222  169
223  173
224  173
225  203
226  203
227  201
228  201
229  203
230  201
